timestamp,label,conf,p_neutro,p_miedo,p_ira,p_alegria
1767905993.0820656,miedo,0.9920,0.007983,0.991996,0.000021,0.000000
1767905994.2920687,miedo,0.9905,0.009526,0.990459,0.000015,0.000000
1767905995.4981923,miedo,0.9899,0.010119,0.989873,0.000009,0.000000
1767905996.6618097,miedo,0.9884,0.011630,0.988353,0.000017,0.000000
1767905997.9059567,miedo,0.9813,0.018637,0.981330,0.000033,0.000000
1767905999.1112084,miedo,0.9816,0.018364,0.981599,0.000036,0.000000
1767906000.3012352,miedo,0.9811,0.018895,0.981065,0.000039,0.000000
1767906001.4792645,miedo,0.9724,0.027581,0.972366,0.000053,0.000000
1767906002.759017,miedo,0.8186,0.180988,0.818620,0.000383,0.000009
1767906003.97703,miedo,0.8252,0.174449,0.825172,0.000370,0.000009
1767906005.1919725,miedo,0.8196,0.180065,0.819557,0.000370,0.000009
1767906006.410443,miedo,0.7736,0.225989,0.773635,0.000367,0.000009
1767906007.583324,miedo,0.7741,0.225552,0.774085,0.000354,0.000009
1767906008.7920072,miedo,0.9251,0.074861,0.925120,0.000018,0.000000
1767906009.9642146,miedo,0.9157,0.084315,0.915652,0.000033,0.000000
1767906011.1722574,miedo,0.9154,0.084533,0.915432,0.000035,0.000000
1767906012.3789194,miedo,0.9604,0.039537,0.960425,0.000038,0.000000
1767906013.559254,miedo,0.9679,0.032049,0.967912,0.000039,0.000000
1767906014.7274125,miedo,0.9711,0.028827,0.971139,0.000033,0.000000
1767906015.9117208,miedo,0.9812,0.018807,0.981176,0.000017,0.000000
1767906017.0299304,miedo,0.9879,0.012126,0.987852,0.000022,0.000000
1767906018.2567306,miedo,0.9894,0.010595,0.989371,0.000033,0.000000
1767906019.4114015,miedo,0.9900,0.009914,0.990048,0.000038,0.000000
1767906020.5838954,miedo,0.9902,0.009778,0.990165,0.000057,0.000000
1767906021.748481,miedo,0.9905,0.009483,0.990456,0.000060,0.000000
1767906022.9116714,miedo,0.9941,0.005865,0.994081,0.000054,0.000000
1767906024.0925407,miedo,0.9960,0.003998,0.995958,0.000045,0.000000
1767906025.2884462,miedo,0.9964,0.003566,0.996387,0.000047,0.000000
1767906026.4262145,miedo,0.9972,0.002755,0.997212,0.000032,0.000000
1767906027.6232517,miedo,0.9972,0.002790,0.997175,0.000035,0.000000
1767906028.8031056,miedo,0.9973,0.002634,0.997329,0.000037,0.000000
1767906030.0286922,miedo,0.9973,0.002680,0.997283,0.000038,0.000000
1767906031.1754024,miedo,0.9973,0.002703,0.997259,0.000037,0.000000
1767906032.383789,miedo,0.9971,0.002889,0.997071,0.000039,0.000000
1767906033.543586,miedo,0.9964,0.003520,0.996435,0.000045,0.000000
1767906034.7328444,miedo,0.9963,0.003654,0.996302,0.000044,0.000000
1767906035.9237843,miedo,0.9961,0.003815,0.996140,0.000046,0.000000
1767906037.1625192,miedo,0.9964,0.003577,0.996381,0.000042,0.000000
1767906038.3293023,miedo,0.9957,0.004239,0.995712,0.000048,0.000000
1767906039.4962833,miedo,0.9960,0.003983,0.995973,0.000044,0.000000
1767906040.679906,miedo,0.9956,0.004371,0.995583,0.000046,0.000000
1767906041.8448584,miedo,0.9953,0.004642,0.995313,0.000046,0.000000
1767906043.0394454,miedo,0.9949,0.005018,0.994935,0.000047,0.000000
1767906044.2305827,miedo,0.9956,0.004362,0.995597,0.000041,0.000000
1767906045.4078987,miedo,0.9959,0.004010,0.995948,0.000041,0.000000
1767906046.5907955,miedo,0.9964,0.003569,0.996393,0.000039,0.000000
1767906047.7512686,miedo,0.9966,0.003341,0.996621,0.000038,0.000000
1767906048.9626598,miedo,0.9969,0.003025,0.996944,0.000031,0.000000
1767906050.155257,miedo,0.9968,0.003209,0.996767,0.000024,0.000000
1767906051.3257484,miedo,0.9959,0.004056,0.995928,0.000016,0.000000
1767906052.51507,miedo,0.9946,0.005411,0.994578,0.000011,0.000000
1767906053.6935694,miedo,0.9941,0.005910,0.994086,0.000003,0.000000
1767906054.856761,miedo,0.9936,0.006393,0.993605,0.000003,0.000000
1767906056.0078142,miedo,0.9931,0.006921,0.993076,0.000003,0.000000
1767906057.1688812,miedo,0.9930,0.006965,0.993031,0.000004,0.000000
1767906058.3578234,miedo,0.9809,0.018673,0.980932,0.000395,0.000000
1767906059.5553954,miedo,0.9269,0.068349,0.926947,0.004698,0.000005
1767906060.7493722,miedo,0.9211,0.074206,0.921058,0.004730,0.000006
1767906061.9215488,miedo,0.9211,0.074200,0.921063,0.004731,0.000006
1767906063.0872066,miedo,0.9219,0.073319,0.921944,0.004731,0.000006
1767906064.2901697,miedo,0.9351,0.060600,0.935053,0.004342,0.000006
1767906065.501112,miedo,0.9893,0.010699,0.989258,0.000042,0.000000
1767906066.7068272,miedo,0.9955,0.004487,0.995502,0.000011,0.000000
1767906067.8708405,miedo,0.9942,0.005786,0.994202,0.000012,0.000000
1767906069.0268595,miedo,0.9914,0.008574,0.991407,0.000019,0.000000
1767906070.1603305,miedo,0.9900,0.009992,0.989963,0.000045,0.000000
1767906071.3152242,miedo,0.9877,0.012256,0.987674,0.000070,0.000000
1767906072.5189338,miedo,0.9667,0.032467,0.966688,0.000841,0.000004
1767906073.7091992,miedo,0.9644,0.034724,0.964378,0.000894,0.000004
1767906074.905442,miedo,0.9670,0.032067,0.967043,0.000886,0.000004
1767906076.0897367,miedo,0.9683,0.030876,0.968261,0.000859,0.000004
1767906077.2115457,miedo,0.9705,0.028665,0.970499,0.000833,0.000004
1767906078.3882856,miedo,0.9914,0.008541,0.991399,0.000061,0.000000
1767906079.5359874,miedo,0.9958,0.004212,0.995781,0.000007,0.000000
1767906080.745537,miedo,0.9960,0.004044,0.995950,0.000006,0.000000
1767906081.9437122,miedo,0.9960,0.003994,0.996002,0.000005,0.000000
1767906083.0671186,miedo,0.9963,0.003693,0.996301,0.000006,0.000000
1767906084.2260482,miedo,0.9962,0.003758,0.996235,0.000007,0.000000
1767906085.4173188,miedo,0.9960,0.003950,0.996042,0.000008,0.000000
1767906086.6077235,miedo,0.9952,0.004803,0.995188,0.000008,0.000000
1767906087.8240795,miedo,0.9932,0.006752,0.993240,0.000008,0.000000
1767906089.0614233,miedo,0.9910,0.009000,0.990995,0.000005,0.000000
1767906090.276708,miedo,0.9890,0.010992,0.989004,0.000004,0.000000
1767906091.4186554,miedo,0.9826,0.017397,0.982599,0.000004,0.000000
1767906092.6661527,miedo,0.9784,0.021645,0.978350,0.000005,0.000000
1767906093.8105474,miedo,0.9803,0.019683,0.980313,0.000004,0.000000
1767906095.0235245,miedo,0.9822,0.017818,0.982178,0.000004,0.000000
1767906096.1704476,miedo,0.9802,0.019806,0.980190,0.000003,0.000000
1767906097.3222914,miedo,0.9862,0.013764,0.986234,0.000001,0.000001
1767906098.4921925,miedo,0.9914,0.008604,0.991395,0.000000,0.000001
1767906099.6517286,miedo,0.9915,0.008459,0.991540,0.000000,0.000001
1767906100.8385878,miedo,0.9909,0.009087,0.990911,0.000000,0.000001
1767906102.0576365,miedo,0.9940,0.005995,0.994003,0.000000,0.000001
1767906103.2601159,miedo,0.9920,0.007983,0.992015,0.000000,0.000002
1767906104.4631412,miedo,0.9876,0.012380,0.987617,0.000000,0.000002
1767906105.6873698,miedo,0.9816,0.018413,0.981583,0.000001,0.000003
1767906106.8551009,miedo,0.9795,0.020535,0.979461,0.000001,0.000004
1767906108.0175307,miedo,0.9791,0.020899,0.979096,0.000001,0.000004
1767906109.2493842,miedo,0.9799,0.020096,0.979900,0.000001,0.000004
1767906110.4482193,miedo,0.9817,0.018323,0.981673,0.000001,0.000004
1767906111.639272,miedo,0.9839,0.016045,0.983950,0.000001,0.000004
1767906112.7931988,miedo,0.9833,0.016700,0.983294,0.000001,0.000005
1767906113.9324234,miedo,0.9811,0.018927,0.981066,0.000001,0.000006
1767906115.1643395,miedo,0.9823,0.017666,0.982328,0.000001,0.000005
1767906116.3685877,miedo,0.9846,0.015362,0.984632,0.000001,0.000005
1767906117.5663714,miedo,0.9886,0.011358,0.988638,0.000001,0.000003
1767906118.760758,miedo,0.9892,0.010817,0.989179,0.000001,0.000003
1767906119.9284093,miedo,0.9918,0.008151,0.991847,0.000000,0.000001
1767906121.094896,miedo,0.9891,0.010860,0.989138,0.000001,0.000002
1767906122.2489722,miedo,0.9885,0.011511,0.988486,0.000001,0.000002
1767906123.447939,miedo,0.9870,0.013016,0.986982,0.000001,0.000002
1767906124.6264951,miedo,0.9829,0.017063,0.982935,0.000001,0.000002
1767906125.8252206,miedo,0.9776,0.022392,0.977605,0.000001,0.000002
1767906127.0473208,miedo,0.9758,0.024225,0.975772,0.000001,0.000002
1767906128.27938,miedo,0.9713,0.028720,0.971276,0.000001,0.000003
1767906129.4304075,miedo,0.9673,0.032666,0.967329,0.000001,0.000004
1767906130.6235263,miedo,0.9679,0.032071,0.967924,0.000001,0.000004
1767906131.812746,miedo,0.9465,0.053513,0.946481,0.000001,0.000005
1767906132.951818,miedo,0.9434,0.056552,0.943442,0.000001,0.000005
1767906134.1390197,miedo,0.9279,0.072090,0.927901,0.000006,0.000004
1767906135.3533823,miedo,0.8905,0.109334,0.890450,0.000212,0.000004
1767906136.5198922,miedo,0.8902,0.109586,0.890188,0.000223,0.000003
1767906137.6812506,miedo,0.9180,0.081731,0.918044,0.000223,0.000001
1767906138.9033418,miedo,0.9261,0.073654,0.926120,0.000225,0.000001
1767906140.0735533,miedo,0.9462,0.053565,0.946214,0.000221,0.000001
1767906141.2230232,miedo,0.9873,0.012658,0.987325,0.000017,0.000000
1767906142.4274921,miedo,0.9933,0.006729,0.993264,0.000007,0.000000
1767906143.6056466,miedo,0.9928,0.007228,0.992760,0.000012,0.000000
1767906144.8099015,miedo,0.9918,0.008202,0.991783,0.000015,0.000000
1767906146.004668,miedo,0.9924,0.007538,0.992444,0.000018,0.000000
1767906147.2117436,miedo,0.9941,0.005853,0.994129,0.000017,0.000000
1767906148.4272,miedo,0.9915,0.008471,0.991513,0.000016,0.000000
1767906149.766677,miedo,0.9905,0.009494,0.990494,0.000011,0.000000
1767906150.9538283,miedo,0.9878,0.012172,0.987820,0.000008,0.000000
1767906152.12893,miedo,0.9845,0.015496,0.984499,0.000006,0.000000
1767906153.3600876,miedo,0.9790,0.020958,0.979036,0.000006,0.000000
1767906154.537888,miedo,0.9659,0.034063,0.965930,0.000006,0.000001
1767906155.742791,miedo,0.8829,0.117089,0.882897,0.000007,0.000006
1767906156.9217546,miedo,0.8345,0.165464,0.834512,0.000011,0.000013
1767906158.070424,miedo,0.8361,0.163835,0.836120,0.000031,0.000013
1767906159.2570176,miedo,0.8377,0.162241,0.837691,0.000054,0.000014
1767906160.4705932,miedo,0.8434,0.156452,0.843439,0.000095,0.000015
1767906161.6067994,miedo,0.9182,0.081578,0.918208,0.000201,0.000012
1767906162.7753372,miedo,0.9663,0.033479,0.966265,0.000250,0.000006
1767906163.952099,miedo,0.9671,0.032640,0.967112,0.000242,0.000006
1767906165.0998287,miedo,0.9687,0.031060,0.968715,0.000220,0.000006
1767906166.2811627,miedo,0.9772,0.022331,0.977203,0.000434,0.000032
1767906167.4791844,miedo,0.9860,0.013582,0.985965,0.000423,0.000030
1767906168.6637077,miedo,0.9901,0.009543,0.990057,0.000370,0.000029
1767906169.894708,miedo,0.9914,0.008237,0.991379,0.000356,0.000029
1767906171.0621104,miedo,0.9936,0.006056,0.993559,0.000356,0.000029
1767906172.285674,miedo,0.9949,0.004974,0.994924,0.000100,0.000001
1767906173.4944525,miedo,0.9939,0.006146,0.993851,0.000003,0.000000
1767906174.631456,miedo,0.9942,0.005808,0.994189,0.000002,0.000000
1767906175.83388,miedo,0.9944,0.005645,0.994352,0.000002,0.000000
1767906177.0020473,miedo,0.9950,0.004974,0.995026,0.000001,0.000000
1767906178.230524,miedo,0.9968,0.003191,0.996809,0.000000,0.000000
1767906179.3890374,miedo,0.9993,0.000676,0.999324,0.000000,0.000000
1767906180.6062539,miedo,0.9986,0.001386,0.998614,0.000000,0.000000
1767906181.80327,miedo,0.9978,0.002225,0.997775,0.000000,0.000000
1767906182.9906003,miedo,0.9975,0.002469,0.997531,0.000000,0.000000
1767906184.15452,miedo,0.9972,0.002768,0.997232,0.000000,0.000000
1767906185.3118865,miedo,0.9973,0.002735,0.997264,0.000000,0.000000
1767906186.4891224,miedo,0.9980,0.002040,0.997959,0.000000,0.000000
1767906187.654399,miedo,0.9988,0.001219,0.998781,0.000000,0.000000
1767906188.8866441,miedo,0.9988,0.001220,0.998780,0.000000,0.000000
1767906190.0888038,miedo,0.9990,0.000987,0.999013,0.000000,0.000000
1767906191.2767937,miedo,0.9990,0.001036,0.998964,0.000000,0.000000
1767906192.489187,miedo,0.9989,0.001102,0.998898,0.000000,0.000000
1767906193.6419606,miedo,0.9988,0.001246,0.998754,0.000000,0.000000
1767906194.7977872,miedo,0.9981,0.001941,0.998059,0.000000,0.000000
1767906195.974552,miedo,0.9978,0.002177,0.997823,0.000000,0.000000
1767906197.1524851,miedo,0.9976,0.002404,0.997596,0.000000,0.000000
1767906198.335048,miedo,0.9975,0.002480,0.997520,0.000000,0.000000
1767906199.479989,miedo,0.9977,0.002260,0.997740,0.000000,0.000000
1767906200.6522877,miedo,0.9985,0.001486,0.998514,0.000000,0.000000
1767906201.8238797,miedo,0.9986,0.001418,0.998582,0.000000,0.000000
1767906202.9751678,miedo,0.9986,0.001440,0.998560,0.000000,0.000000
1767906204.1537921,miedo,0.9984,0.001625,0.998375,0.000000,0.000000
1767906205.35762,miedo,0.9978,0.002161,0.997839,0.000000,0.000000
1767906206.5569115,miedo,0.9975,0.002493,0.997507,0.000000,0.000000
1767906207.7340739,miedo,0.9954,0.004621,0.995378,0.000000,0.000000
1767906208.939009,miedo,0.9925,0.007487,0.992513,0.000000,0.000000
1767906210.1029587,miedo,0.9917,0.008250,0.991750,0.000000,0.000000
1767906211.3352644,miedo,0.9919,0.008134,0.991866,0.000000,0.000000
1767906212.5183077,miedo,0.9916,0.008386,0.991613,0.000000,0.000000
1767906213.6873517,miedo,0.9894,0.010551,0.989448,0.000000,0.000000
1767906214.920363,miedo,0.9923,0.007742,0.992258,0.000000,0.000000
1767906216.1424983,miedo,0.9928,0.007175,0.992824,0.000000,0.000000
1767906217.35119,miedo,0.9927,0.007347,0.992653,0.000000,0.000000
1767906218.5517468,miedo,0.9930,0.007021,0.992978,0.000000,0.000000
1767906219.7311814,miedo,0.9970,0.003040,0.996960,0.000000,0.000000
1767906220.9136505,miedo,0.9969,0.003095,0.996905,0.000000,0.000000
1767906222.1204426,miedo,0.9958,0.004211,0.995789,0.000000,0.000000
1767906223.264458,miedo,0.9934,0.006590,0.993410,0.000000,0.000000
1767906224.4022777,miedo,0.9912,0.008831,0.991169,0.000000,0.000000
1767906225.5613515,miedo,0.9889,0.011111,0.988888,0.000000,0.000000
1767906226.7391798,miedo,0.9859,0.014085,0.985914,0.000000,0.000000
1767906227.9324734,miedo,0.9848,0.015189,0.984811,0.000000,0.000000
1767906229.1679382,miedo,0.9847,0.015301,0.984699,0.000000,0.000000
1767906230.4231389,miedo,0.9839,0.016084,0.983915,0.000000,0.000000
1767906231.6391451,miedo,0.9842,0.015827,0.984173,0.000000,0.000000
1767906232.8016815,miedo,0.9846,0.015435,0.984564,0.000000,0.000000
1767906234.8227406,miedo,0.9841,0.015902,0.984097,0.000000,0.000000
1767906236.7312617,miedo,0.9845,0.015508,0.984491,0.000000,0.000000
1767906238.4201982,miedo,0.9846,0.015353,0.984646,0.000000,0.000000
1767906240.0490108,miedo,0.9849,0.015054,0.984945,0.000000,0.000000
1767906241.7548642,miedo,0.9703,0.029694,0.970303,0.000002,0.000000
1767906243.5104659,miedo,0.9695,0.030473,0.969523,0.000003,0.000000
1767906245.528098,miedo,0.9716,0.028421,0.971575,0.000003,0.000000
1767906247.4873135,miedo,0.9747,0.025247,0.974749,0.000004,0.000000
1767906248.7215943,miedo,0.9764,0.023592,0.976404,0.000004,0.000000
1767906249.8808167,miedo,0.9879,0.012050,0.987947,0.000003,0.000000
1767906251.0510573,miedo,0.9864,0.013645,0.986352,0.000003,0.000000
1767906252.3858852,miedo,0.9860,0.013991,0.986005,0.000004,0.000000
1767906253.630618,miedo,0.9841,0.015902,0.984093,0.000005,0.000000
1767906254.8096092,miedo,0.9826,0.017379,0.982616,0.000005,0.000000
1767906256.1902478,miedo,0.9874,0.012617,0.987379,0.000005,0.000000
1767906257.5505102,miedo,0.9916,0.008427,0.991570,0.000004,0.000000
1767906258.8094015,miedo,0.9914,0.008638,0.991359,0.000003,0.000000
1767906260.0135415,miedo,0.9909,0.009080,0.990918,0.000003,0.000000
1767906261.4917188,miedo,0.9768,0.023210,0.976786,0.000004,0.000000
1767906262.6597524,miedo,0.9756,0.024411,0.975586,0.000004,0.000000
1767906263.920422,miedo,0.9769,0.023130,0.976867,0.000004,0.000000
1767906265.589877,miedo,0.9779,0.022084,0.977912,0.000003,0.000000
1767906267.3227406,miedo,0.9802,0.019773,0.980224,0.000003,0.000000
1767906269.0165794,miedo,0.9963,0.003727,0.996272,0.000001,0.000000
1767906270.4928591,miedo,0.9986,0.001378,0.998621,0.000001,0.000000
1767906272.086059,miedo,0.9983,0.001709,0.998289,0.000002,0.000000
1767906273.2485116,miedo,0.9979,0.002050,0.997947,0.000002,0.000000
1767906274.45527,miedo,0.9977,0.002342,0.997656,0.000002,0.000000
1767906275.7796352,miedo,0.9973,0.002702,0.997296,0.000002,0.000000
1767906277.006632,miedo,0.9960,0.004010,0.995988,0.000002,0.000000
1767906278.377259,miedo,0.9953,0.004668,0.995328,0.000003,0.000000
1767906279.6323676,miedo,0.9940,0.005968,0.994026,0.000005,0.000000
1767906280.8342092,miedo,0.9921,0.007869,0.992125,0.000006,0.000000
1767906282.1197913,miedo,0.9888,0.011174,0.988820,0.000006,0.000000
1767906283.327486,miedo,0.9875,0.012445,0.987550,0.000005,0.000000
1767906284.5521286,miedo,0.9870,0.012995,0.987002,0.000003,0.000000
1767906285.8425305,miedo,0.9883,0.011701,0.988298,0.000001,0.000000
1767906287.210462,miedo,0.9904,0.009580,0.990419,0.000001,0.000000
1767906288.3964562,miedo,0.9940,0.005958,0.994041,0.000001,0.000000
1767906289.6797163,miedo,0.9967,0.003333,0.996666,0.000001,0.000000
1767906290.9852138,miedo,0.9982,0.001789,0.998210,0.000001,0.000000
1767906292.4248998,miedo,0.9985,0.001452,0.998546,0.000002,0.000000
1767906293.7081182,miedo,0.9987,0.001322,0.998676,0.000002,0.000000
1767906294.9195836,miedo,0.9987,0.001268,0.998730,0.000002,0.000000
1767906296.118255,miedo,0.9987,0.001339,0.998659,0.000002,0.000000
1767906297.5460386,miedo,0.9987,0.001313,0.998686,0.000002,0.000000
1767906298.7432454,miedo,0.9987,0.001290,0.998708,0.000002,0.000000
1767906300.2584717,miedo,0.9984,0.001609,0.998384,0.000007,0.000000
1767906301.958484,miedo,0.9982,0.001803,0.998185,0.000012,0.000000
1767906303.6953392,miedo,0.9981,0.001874,0.998114,0.000012,0.000000
1767906305.461781,miedo,0.9976,0.002396,0.997592,0.000012,0.000000
1767906307.2264469,miedo,0.9974,0.002590,0.997398,0.000012,0.000000
1767906308.9373791,miedo,0.9971,0.002847,0.997146,0.000007,0.000000
1767906310.6743383,miedo,0.9968,0.003161,0.996837,0.000002,0.000000
1767906312.367626,miedo,0.9966,0.003442,0.996557,0.000002,0.000000
1767906314.131877,miedo,0.9966,0.003353,0.996645,0.000001,0.000000
1767906315.89564,miedo,0.9966,0.003419,0.996580,0.000002,0.000000
1767906317.615844,miedo,0.9971,0.002878,0.997120,0.000002,0.000000
1767906319.3518937,miedo,0.9969,0.003063,0.996935,0.000002,0.000000
1767906320.9249165,miedo,0.9943,0.005660,0.994336,0.000004,0.000000
1767906322.6745152,miedo,0.9924,0.007567,0.992425,0.000008,0.000000
1767906324.3804142,miedo,0.9585,0.041491,0.958465,0.000044,0.000000
1767906326.1082892,miedo,0.9336,0.066336,0.933605,0.000058,0.000000
1767906327.8336096,miedo,0.9334,0.066537,0.933399,0.000064,0.000000
1767906329.626873,miedo,0.9346,0.065341,0.934587,0.000071,0.000000
1767906331.1523721,miedo,0.9348,0.065168,0.934757,0.000074,0.000000
1767906332.8266351,miedo,0.9686,0.031393,0.968567,0.000040,0.000000
1767906334.2434647,miedo,0.9929,0.007101,0.992872,0.000027,0.000000
1767906335.7900841,miedo,0.9930,0.007012,0.992966,0.000022,0.000000
1767906337.4398825,miedo,0.9934,0.006608,0.993374,0.000018,0.000000
1767906339.3588214,miedo,0.9950,0.005000,0.994986,0.000013,0.000000
1767906341.0606682,miedo,0.9948,0.005161,0.994827,0.000012,0.000000
1767906342.7445881,miedo,0.9942,0.005744,0.994243,0.000013,0.000000
1767906344.5382504,miedo,0.9882,0.011805,0.988177,0.000017,0.000000
1767906346.2169292,miedo,0.9826,0.017342,0.982643,0.000015,0.000000
1767906347.9095516,miedo,0.9796,0.020390,0.979595,0.000015,0.000000
1767906349.6601806,miedo,0.9775,0.022534,0.977451,0.000016,0.000000
1767906351.351197,miedo,0.9771,0.022834,0.977150,0.000016,0.000000
1767906352.6485143,miedo,0.9819,0.018132,0.981856,0.000012,0.000000
1767906353.9633913,miedo,0.9843,0.015677,0.984313,0.000010,0.000000
1767906355.351076,miedo,0.9849,0.015130,0.984861,0.000009,0.000000
1767906356.914016,miedo,0.9851,0.014899,0.985093,0.000008,0.000000
1767906358.5602076,miedo,0.9851,0.014881,0.985111,0.000007,0.000000
1767906360.0597908,miedo,0.9853,0.014692,0.985299,0.000009,0.000000
1767906361.8314676,miedo,0.9879,0.012065,0.987925,0.000010,0.000000
1767906363.5406904,miedo,0.9896,0.010416,0.989573,0.000011,0.000000
1767906364.9187508,miedo,0.9908,0.009150,0.990838,0.000012,0.000000
1767906366.1307178,miedo,0.9915,0.008472,0.991517,0.000011,0.000000
1767906367.4736478,miedo,0.9932,0.006756,0.993237,0.000007,0.000000
1767906369.1551301,miedo,0.9945,0.005517,0.994478,0.000005,0.000000
1767906370.6828194,miedo,0.9944,0.005608,0.994388,0.000004,0.000000
1767906372.1539466,miedo,0.9940,0.006031,0.993966,0.000003,0.000000
1767906373.8551657,miedo,0.9940,0.006004,0.993992,0.000004,0.000000
1767906375.550095,miedo,0.9930,0.007030,0.992966,0.000004,0.000000
1767906377.2914011,miedo,0.9923,0.007706,0.992289,0.000005,0.000000
1767906378.9767904,miedo,0.9924,0.007557,0.992437,0.000006,0.000000
1767906380.6880772,miedo,0.9919,0.008113,0.991879,0.000007,0.000000
1767906382.1488707,miedo,0.9903,0.009685,0.990306,0.000009,0.000000
1767906384.2792206,miedo,0.9875,0.012529,0.987456,0.000015,0.000000
1767906385.8389702,miedo,0.9864,0.013589,0.986393,0.000019,0.000000
1767906387.405243,miedo,0.9842,0.015818,0.984159,0.000023,0.000000
1767906389.0363436,miedo,0.9791,0.020821,0.979148,0.000030,0.000000
1767906390.605742,miedo,0.9669,0.033054,0.966912,0.000034,0.000000
1767906392.2480676,miedo,0.9650,0.034988,0.964977,0.000035,0.000000
1767906393.9190474,miedo,0.9623,0.037664,0.962298,0.000039,0.000000
1767906395.5136352,miedo,0.9615,0.038508,0.961452,0.000039,0.000000
1767906396.7431707,miedo,0.9632,0.036765,0.963199,0.000035,0.000000
1767906397.9206095,miedo,0.9729,0.027023,0.972942,0.000034,0.000000
1767906399.1846209,miedo,0.9776,0.022417,0.977551,0.000032,0.000000
1767906400.4295516,miedo,0.9818,0.018135,0.981840,0.000026,0.000000
1767906401.6131823,miedo,0.9855,0.014437,0.985543,0.000020,0.000000
1767906402.8989403,miedo,0.9897,0.010273,0.989711,0.000017,0.000000
1767906404.2495644,miedo,0.9934,0.006578,0.993410,0.000012,0.000000
1767906405.5243194,miedo,0.9930,0.007037,0.992955,0.000008,0.000000
1767906406.679911,miedo,0.9901,0.009894,0.990098,0.000009,0.000000
1767906408.007327,miedo,0.9831,0.016846,0.983145,0.000009,0.000000
1767906409.239222,miedo,0.9844,0.015605,0.984388,0.000007,0.000000
1767906410.3885481,miedo,0.9847,0.015284,0.984708,0.000009,0.000000
1767906411.510907,miedo,0.9799,0.020092,0.979898,0.000010,0.000000
1767906412.793873,miedo,0.9787,0.021306,0.978683,0.000011,0.000000
1767906414.1419463,miedo,0.9862,0.013819,0.986170,0.000011,0.000000
1767906415.4789944,miedo,0.9850,0.015004,0.984976,0.000020,0.000000
1767906416.7580466,miedo,0.9758,0.024139,0.975817,0.000043,0.000001
1767906418.0416493,miedo,0.9813,0.018613,0.981343,0.000043,0.000001
1767906419.3883255,miedo,0.9852,0.014737,0.985221,0.000042,0.000001
1767906420.6297717,miedo,0.9835,0.016475,0.983482,0.000043,0.000001
1767906421.9926255,miedo,0.9827,0.017231,0.982734,0.000034,0.000001
1767906423.3978999,miedo,0.9915,0.008501,0.991489,0.000009,0.000000
1767906424.6037965,miedo,0.9843,0.015661,0.984323,0.000016,0.000000
1767906425.9011254,miedo,0.9834,0.016601,0.983383,0.000016,0.000000
1767906427.1464617,miedo,0.9842,0.015746,0.984239,0.000014,0.000000
1767906428.2844284,miedo,0.9834,0.016563,0.983422,0.000015,0.000000
1767906429.52857,miedo,0.9787,0.021277,0.978705,0.000018,0.000000
1767906430.7117448,miedo,0.9819,0.018062,0.981923,0.000015,0.000000
1767906431.8949344,miedo,0.9819,0.018123,0.981863,0.000014,0.000000
1767906433.079958,miedo,0.9716,0.028345,0.971632,0.000023,0.000000
1767906434.5619543,miedo,0.9666,0.033392,0.966578,0.000030,0.000000
1767906435.8305867,miedo,0.9603,0.039700,0.960262,0.000038,0.000000
1767906437.2118704,miedo,0.9606,0.039337,0.960629,0.000034,0.000000
1767906438.3922064,miedo,0.9609,0.039070,0.960897,0.000033,0.000000
1767906439.7088435,miedo,0.9677,0.032260,0.967715,0.000025,0.000000
1767906440.8499851,miedo,0.9703,0.029720,0.970261,0.000019,0.000000
1767906442.0487525,miedo,0.9730,0.026964,0.973022,0.000014,0.000000
1767906443.4547179,miedo,0.9753,0.024669,0.975317,0.000015,0.000000
1767906445.0519238,miedo,0.9765,0.023476,0.976509,0.000015,0.000000
1767906446.4623952,miedo,0.9781,0.021879,0.978106,0.000015,0.000000
1767906447.9184923,miedo,0.9799,0.020135,0.979852,0.000013,0.000000
1767906449.2136202,miedo,0.9865,0.013447,0.986544,0.000009,0.000000
1767906450.4187613,miedo,0.9831,0.016924,0.983067,0.000009,0.000000
1767906451.5999646,miedo,0.8731,0.126398,0.873111,0.000490,0.000001
1767906452.950414,miedo,0.7527,0.244378,0.752690,0.002926,0.000006
1767906454.3021696,miedo,0.7160,0.280806,0.715985,0.003200,0.000009
1767906455.5241194,miedo,0.7124,0.284387,0.712402,0.003202,0.000009
1767906456.977534,miedo,0.7106,0.286237,0.710556,0.003199,0.000009
1767906458.3766139,miedo,0.8182,0.179057,0.818218,0.002717,0.000008
1767906459.6795957,miedo,0.9369,0.062867,0.936850,0.000280,0.000003
1767906461.1089547,miedo,0.9739,0.026076,0.973919,0.000005,0.000000
1767906462.478654,miedo,0.9781,0.021857,0.978141,0.000002,0.000000
1767906463.9194086,miedo,0.9826,0.017379,0.982620,0.000001,0.000000
1767906465.0582633,miedo,0.9836,0.016442,0.983557,0.000001,0.000000
1767906466.4677722,miedo,0.9851,0.014924,0.985075,0.000002,0.000000
1767906467.6945076,miedo,0.9868,0.013207,0.986791,0.000002,0.000000
1767906468.914583,miedo,0.9885,0.011494,0.988503,0.000002,0.000000
1767906470.0420225,miedo,0.9915,0.008470,0.991528,0.000002,0.000000
1767906471.2074158,miedo,0.9923,0.007737,0.992261,0.000001,0.000000
1767906472.476021,miedo,0.9916,0.008374,0.991625,0.000001,0.000000
1767906473.7067711,miedo,0.9921,0.007912,0.992088,0.000000,0.000000
1767906475.0575972,miedo,0.9923,0.007717,0.992283,0.000000,0.000000
1767906476.4138799,miedo,0.9924,0.007594,0.992406,0.000000,0.000000
1767906477.651943,miedo,0.9905,0.009493,0.990506,0.000000,0.000000
1767906478.8835187,miedo,0.9913,0.008716,0.991284,0.000000,0.000000
1767906480.1530793,miedo,0.9892,0.010784,0.989215,0.000000,0.000000
1767906481.4626572,miedo,0.9863,0.013702,0.986297,0.000001,0.000000
1767906482.7311912,miedo,0.9823,0.017684,0.982315,0.000001,0.000000
1767906483.9967992,miedo,0.9827,0.017288,0.982712,0.000001,0.000000
1767906485.4143593,miedo,0.9836,0.016364,0.983636,0.000001,0.000000
1767906486.701142,miedo,0.9860,0.014012,0.985988,0.000001,0.000000
1767906487.9125443,miedo,0.9887,0.011311,0.988688,0.000001,0.000000
1767906489.5532146,miedo,0.9902,0.009845,0.990155,0.000000,0.000000
1767906491.2439866,miedo,0.9900,0.010033,0.989967,0.000000,0.000000
1767906493.1247306,miedo,0.9890,0.011030,0.988970,0.000000,0.000000
1767906494.8538735,miedo,0.9870,0.012989,0.987011,0.000000,0.000000
1767906496.6102128,miedo,0.9872,0.012843,0.987157,0.000000,0.000000
1767906498.5056624,miedo,0.9897,0.010345,0.989655,0.000000,0.000000
1767906500.272127,miedo,0.9923,0.007718,0.992282,0.000000,0.000000
1767906501.9897716,miedo,0.9946,0.005432,0.994568,0.000000,0.000000
1767906503.7894154,miedo,0.9969,0.003084,0.996916,0.000000,0.000000
1767906505.569618,miedo,0.9912,0.008835,0.991157,0.000008,0.000000
1767906507.5198355,miedo,0.9776,0.022415,0.977564,0.000021,0.000000
1767906509.3505225,miedo,0.9680,0.031976,0.967999,0.000024,0.000000
1767906511.0403833,miedo,0.9679,0.032091,0.967885,0.000024,0.000000
1767906512.7009141,miedo,0.9670,0.032932,0.967044,0.000025,0.000000
1767906513.9792192,miedo,0.9716,0.028375,0.971607,0.000017,0.000000
1767906515.2847242,miedo,0.9844,0.015558,0.984437,0.000005,0.000000
1767906516.4775941,miedo,0.9935,0.006475,0.993524,0.000001,0.000000
1767906517.7388384,miedo,0.9941,0.005931,0.994068,0.000001,0.000000
1767906519.00516,miedo,0.9949,0.005059,0.994940,0.000001,0.000000
1767906520.3801966,miedo,0.9949,0.005126,0.994873,0.000001,0.000000
1767906521.791717,miedo,0.9895,0.010542,0.989453,0.000005,0.000000
1767906522.9996886,miedo,0.9872,0.012782,0.987209,0.000009,0.000000
1767906524.3750675,miedo,0.9870,0.012946,0.987045,0.000009,0.000000
1767906525.6558414,miedo,0.9869,0.013049,0.986942,0.000009,0.000000
1767906526.8870237,miedo,0.9760,0.023954,0.976033,0.000013,0.000000
1767906528.1200624,miedo,0.9794,0.020552,0.979437,0.000011,0.000000
1767906529.3695304,miedo,0.9781,0.021890,0.978102,0.000007,0.000000
1767906530.7251256,miedo,0.9763,0.023724,0.976269,0.000007,0.000000
1767906531.9750633,miedo,0.9724,0.027630,0.972363,0.000007,0.000000
1767906533.216198,miedo,0.9711,0.028905,0.971093,0.000003,0.000000
1767906534.4392722,miedo,0.9624,0.037583,0.962416,0.000001,0.000000
1767906535.7511137,miedo,0.9629,0.037083,0.962916,0.000001,0.000000
1767906537.0877588,miedo,0.9652,0.034834,0.965165,0.000001,0.000000
1767906538.3295722,miedo,0.9691,0.030935,0.969064,0.000001,0.000000
1767906539.5763204,miedo,0.9820,0.017961,0.982037,0.000002,0.000000
1767906540.8192239,miedo,0.9923,0.007663,0.992334,0.000003,0.000000
1767906542.0332983,miedo,0.9950,0.005031,0.994966,0.000003,0.000000
1767906543.339286,miedo,0.9948,0.005244,0.994753,0.000003,0.000000
1767906544.5093946,miedo,0.9949,0.005111,0.994886,0.000003,0.000000
1767906545.7737846,miedo,0.9951,0.004945,0.995053,0.000002,0.000000
1767906546.9873762,miedo,0.9953,0.004679,0.995319,0.000001,0.000000
1767906548.124016,miedo,0.9957,0.004310,0.995690,0.000001,0.000000
1767906549.4607632,miedo,0.9945,0.005544,0.994455,0.000001,0.000000
1767906550.653143,miedo,0.9946,0.005445,0.994553,0.000001,0.000000
1767906552.1636157,miedo,0.9950,0.005021,0.994978,0.000001,0.000000
1767906553.3839524,miedo,0.9960,0.003981,0.996018,0.000001,0.000000
1767906554.7287064,miedo,0.9967,0.003317,0.996682,0.000001,0.000000
1767906555.951628,miedo,0.9982,0.001841,0.998159,0.000001,0.000000
1767906557.2199414,miedo,0.9983,0.001698,0.998302,0.000001,0.000000
1767906558.4837387,miedo,0.9984,0.001631,0.998369,0.000000,0.000000
1767906559.7200978,miedo,0.9984,0.001647,0.998352,0.000000,0.000000
1767906561.0107362,miedo,0.9980,0.001961,0.998038,0.000001,0.000000
1767906562.3025925,miedo,0.9967,0.003322,0.996673,0.000005,0.000000
1767906563.5404634,miedo,0.9963,0.003721,0.996273,0.000005,0.000000
1767906564.7468956,miedo,0.9959,0.004065,0.995929,0.000006,0.000000
1767906565.9787323,miedo,0.9957,0.004302,0.995691,0.000006,0.000000
1767906567.2402112,miedo,0.9953,0.004735,0.995257,0.000008,0.000000
1767906568.4593627,miedo,0.9957,0.004337,0.995657,0.000006,0.000000
1767906569.912149,miedo,0.9957,0.004280,0.995715,0.000006,0.000000
1767906571.2728698,miedo,0.9957,0.004303,0.995692,0.000006,0.000000
1767906572.9241283,miedo,0.9959,0.004096,0.995899,0.000005,0.000000
1767906574.3069391,miedo,0.9961,0.003898,0.996099,0.000004,0.000000
1767906575.5391407,miedo,0.9773,0.022719,0.977274,0.000007,0.000000
1767906576.8885767,miedo,0.9004,0.098480,0.900407,0.001079,0.000034
1767906578.2676125,miedo,0.8184,0.173227,0.818449,0.008185,0.000140
1767906579.5957,miedo,0.6792,0.311682,0.679169,0.009005,0.000144
1767906580.9946792,miedo,0.5166,0.473520,0.516614,0.009721,0.000145
1767906582.4387338,neutro,0.5653,0.565276,0.424097,0.010478,0.000149
1767906583.6564095,neutro,0.5575,0.557524,0.431782,0.010574,0.000120
1767906584.8529577,neutro,0.5610,0.561044,0.435254,0.003684,0.000018
1767906586.1057081,miedo,0.5140,0.483037,0.514022,0.002926,0.000014
1767906587.3351786,miedo,0.5927,0.404885,0.592672,0.002429,0.000014
1767906588.5377278,miedo,0.5687,0.429360,0.568666,0.001963,0.000011
1767906589.8407695,miedo,0.5041,0.494597,0.504124,0.001274,0.000006
1767906590.9956558,miedo,0.5214,0.477264,0.521431,0.001303,0.000003
1767906592.3072062,miedo,0.5571,0.441430,0.557138,0.001429,0.000003
1767906593.6705847,miedo,0.5748,0.423784,0.574840,0.001375,0.000002
1767906594.9248416,miedo,0.6789,0.319709,0.678913,0.001376,0.000002
1767906596.0943162,miedo,0.7889,0.210119,0.788918,0.000962,0.000002
1767906597.455427,miedo,0.8283,0.171002,0.828267,0.000729,0.000001
1767906598.6227658,miedo,0.8429,0.156555,0.842899,0.000545,0.000001
1767906599.9597158,miedo,0.9068,0.092819,0.906795,0.000386,0.000001
1767906601.198187,miedo,0.9238,0.076080,0.923825,0.000094,0.000000
1767906602.5451431,miedo,0.9362,0.063792,0.936167,0.000041,0.000000
1767906603.9085038,miedo,0.9531,0.046848,0.953120,0.000031,0.000000
1767906605.1785853,miedo,0.9593,0.040665,0.959298,0.000036,0.000000
1767906606.4798615,miedo,0.9471,0.052813,0.947142,0.000045,0.000000
1767906607.7735097,miedo,0.9429,0.057060,0.942852,0.000087,0.000000
1767906609.1706684,miedo,0.9417,0.058136,0.941740,0.000123,0.000000
1767906610.343719,miedo,0.9394,0.060460,0.939414,0.000126,0.000000
1767906611.6063144,miedo,0.9399,0.059936,0.939925,0.000139,0.000000
1767906613.1690764,miedo,0.9404,0.059485,0.940357,0.000157,0.000000
1767906614.9485834,miedo,0.9332,0.066696,0.933167,0.000136,0.000001
1767906616.3020258,miedo,0.9231,0.076836,0.923055,0.000108,0.000001
1767906617.7051935,miedo,0.9151,0.084817,0.915076,0.000106,0.000001
1767906619.0406942,miedo,0.9074,0.092506,0.907409,0.000085,0.000001
1767906620.2276983,miedo,0.9209,0.079043,0.920904,0.000053,0.000001
1767906621.4918828,miedo,0.8888,0.111082,0.888789,0.000128,0.000001
1767906622.6601024,miedo,0.7753,0.224288,0.775255,0.000454,0.000003
1767906623.9803786,miedo,0.6397,0.359378,0.639665,0.000953,0.000004
1767906625.142646,neutro,0.5222,0.522237,0.475953,0.001803,0.000007
1767906626.3831618,neutro,0.7000,0.699963,0.297694,0.002334,0.000009
1767906627.6964993,neutro,0.8097,0.809702,0.187741,0.002548,0.000009
1767906628.9734306,neutro,0.8359,0.835923,0.161548,0.002519,0.000010
1767906630.2214055,neutro,0.8335,0.833457,0.164220,0.002311,0.000012
1767906631.371479,neutro,0.8026,0.802640,0.195610,0.001736,0.000013
1767906632.719483,neutro,0.7652,0.765248,0.233295,0.001441,0.000015
1767906633.970423,neutro,0.7258,0.725793,0.272876,0.001313,0.000018
1767906635.218152,neutro,0.7007,0.700673,0.298081,0.001223,0.000024
1767906636.4123802,neutro,0.7339,0.733866,0.265012,0.001087,0.000036
1767906637.7126727,neutro,0.6976,0.697629,0.301077,0.001253,0.000042
1767906638.9858623,neutro,0.6151,0.615092,0.383741,0.001128,0.000039
1767906640.232348,neutro,0.5314,0.531369,0.467608,0.000987,0.000035
1767906641.4808,miedo,0.5896,0.409536,0.589638,0.000798,0.000028
1767906642.6611998,miedo,0.7484,0.250887,0.748395,0.000705,0.000013
1767906643.9091318,miedo,0.8114,0.187992,0.811367,0.000633,0.000009
1767906645.1178093,miedo,0.7553,0.243989,0.755254,0.000747,0.000010
1767906646.3135858,miedo,0.6907,0.308089,0.690748,0.001152,0.000011
1767906647.5771115,miedo,0.6632,0.335566,0.663184,0.001238,0.000011
1767906648.8761065,miedo,0.6387,0.359967,0.638697,0.001325,0.000011
1767906650.1184728,miedo,0.6390,0.359872,0.639006,0.001115,0.000006
1767906651.238793,miedo,0.6958,0.303039,0.695839,0.001112,0.000010
1767906652.566841,miedo,0.6865,0.312655,0.686455,0.000877,0.000014
1767906653.848362,miedo,0.6421,0.356970,0.642088,0.000925,0.000017
1767906655.1623023,miedo,0.6000,0.398761,0.600024,0.001187,0.000028
1767906656.393064,miedo,0.5411,0.457622,0.541095,0.001251,0.000032
1767906657.608197,neutro,0.5087,0.508728,0.489771,0.001473,0.000028
1767906658.8162467,miedo,0.5193,0.479240,0.519257,0.001476,0.000027
1767906660.1706579,miedo,0.5383,0.460291,0.538279,0.001406,0.000023
1767906661.4493742,miedo,0.5731,0.425669,0.573069,0.001249,0.000013
1767906662.7173748,miedo,0.6503,0.348602,0.650251,0.001139,0.000008
1767906664.098918,miedo,0.7018,0.297289,0.701809,0.000893,0.000008
1767906665.4239035,miedo,0.6868,0.312294,0.686780,0.000916,0.000011
1767906666.6477513,miedo,0.6196,0.379231,0.619604,0.001149,0.000016
1767906667.8315082,miedo,0.5393,0.459418,0.539339,0.001221,0.000022
1767906669.0477037,neutro,0.5665,0.566517,0.432093,0.001367,0.000023
1767906670.3338008,neutro,0.6535,0.653497,0.344902,0.001577,0.000024
1767906671.5473766,neutro,0.6354,0.635388,0.363024,0.001569,0.000019
1767906672.8563845,neutro,0.5527,0.552712,0.445771,0.001504,0.000013
1767906674.1256855,miedo,0.5227,0.475878,0.522661,0.001454,0.000007
1767906675.2951727,miedo,0.5885,0.409833,0.588485,0.001676,0.000006
1767906676.5406413,miedo,0.6369,0.360663,0.636922,0.002407,0.000009
1767906677.7911363,miedo,0.5315,0.460387,0.531465,0.008131,0.000016
1767906679.0089953,neutro,0.4874,0.487370,0.385794,0.126154,0.000682
1767906680.262642,neutro,0.4464,0.446418,0.244549,0.308270,0.000763
1767906681.4914813,ira,0.4703,0.415916,0.112566,0.470334,0.001184
1767906682.72563,ira,0.6357,0.352359,0.009954,0.635716,0.001970
1767906683.9905906,ira,0.8003,0.194760,0.002468,0.800325,0.002447
1767906685.1758168,ira,0.7713,0.225024,0.001195,0.771272,0.002508
1767906686.3689504,ira,0.6301,0.366654,0.000691,0.630108,0.002546
1767906687.5625095,ira,0.5264,0.471027,0.000351,0.526375,0.002248
1767906688.8498526,neutro,0.5535,0.553473,0.000128,0.444880,0.001518
1767906690.1186283,neutro,0.5595,0.559523,0.000209,0.438637,0.001631
1767906691.433766,ira,0.5107,0.487081,0.000539,0.510733,0.001647
1767906692.652658,ira,0.6289,0.367765,0.001039,0.628905,0.002292
1767906693.934006,ira,0.7319,0.263790,0.001504,0.731927,0.002778
1767906695.2077513,ira,0.8349,0.160678,0.001620,0.834896,0.002807
1767906696.811984,ira,0.8299,0.164643,0.002036,0.829947,0.003374
1767906698.2191086,ira,0.8413,0.153251,0.001975,0.841340,0.003433
1767906699.5628488,ira,0.8215,0.174255,0.001507,0.821455,0.002783
1767906700.896001,ira,0.8414,0.154437,0.001424,0.841414,0.002725
1767906702.0771432,ira,0.8276,0.167141,0.001790,0.827592,0.003477
1767906703.3715153,ira,0.7164,0.273099,0.007089,0.716416,0.003396
1767906704.62985,ira,0.5879,0.387453,0.021651,0.587851,0.003045
1767906706.0100253,ira,0.5551,0.410529,0.030865,0.555073,0.003533
1767906707.5888338,ira,0.5037,0.456866,0.035729,0.503686,0.003719
1767906708.7620585,neutro,0.5278,0.527828,0.053993,0.414856,0.003323
1767906709.938454,ira,0.5220,0.423649,0.051647,0.521973,0.002730
1767906711.1757944,ira,0.5436,0.353898,0.100227,0.543582,0.002292
1767906712.3712106,ira,0.4448,0.366809,0.186650,0.444807,0.001733
1767906713.7468412,neutro,0.4534,0.453357,0.183243,0.362314,0.001085
1767906715.3031242,neutro,0.4817,0.481724,0.165531,0.351872,0.000874
1767906716.9100409,neutro,0.4887,0.488672,0.162961,0.347956,0.000412
1767906718.6047678,neutro,0.4667,0.466701,0.101425,0.431435,0.000438
1767906720.3954253,ira,0.5557,0.435744,0.008150,0.555681,0.000425
1767906721.703998,ira,0.6335,0.356560,0.009629,0.633468,0.000343
1767906723.0183756,ira,0.6006,0.390547,0.008603,0.600614,0.000236
1767906724.1477282,neutro,0.5202,0.520195,0.007612,0.471775,0.000418
1767906725.3809285,neutro,0.6424,0.642431,0.005734,0.350536,0.001300
1767906726.6001523,neutro,0.7359,0.735893,0.003338,0.258355,0.002414
1767906727.9579828,neutro,0.7906,0.790593,0.000018,0.206153,0.003236
1767906729.1439075,neutro,0.7786,0.778636,0.000004,0.216761,0.004599
1767906730.376405,neutro,0.6716,0.671567,0.000004,0.323734,0.004695
1767906731.5627916,neutro,0.6198,0.619783,0.000003,0.376317,0.003897
1767906732.8500357,neutro,0.6098,0.609796,0.000003,0.387194,0.003006
1767906734.2131903,neutro,0.6278,0.627829,0.000003,0.369951,0.002216
1767906735.400973,neutro,0.6224,0.622440,0.000003,0.376824,0.000733
1767906736.6870253,neutro,0.6580,0.658032,0.000002,0.341537,0.000429
1767906738.0296938,neutro,0.7220,0.722033,0.000004,0.277641,0.000321
1767906739.2707179,neutro,0.7703,0.770272,0.000016,0.229513,0.000198
1767906740.504137,neutro,0.7890,0.788984,0.000103,0.210352,0.000560
1767906741.6717515,neutro,0.7113,0.711323,0.005261,0.282736,0.000681
1767906742.861477,neutro,0.7617,0.761676,0.008795,0.228774,0.000756
1767906744.2719147,neutro,0.6073,0.607329,0.009373,0.381345,0.001953
1767906745.49567,ira,0.5741,0.414442,0.009558,0.574062,0.001938
1767906746.802184,ira,0.7326,0.256316,0.009559,0.732564,0.001560
1767906747.998411,ira,0.7530,0.239394,0.006101,0.752951,0.001554
1767906749.2726617,ira,0.8958,0.099235,0.003439,0.895752,0.001574
1767906750.58859,ira,0.9170,0.079037,0.003579,0.916951,0.000433
1767906751.8796754,ira,0.7822,0.198386,0.018845,0.782172,0.000597
1767906753.2315595,ira,0.6403,0.328638,0.030424,0.640279,0.000659
1767906754.5619218,ira,0.6543,0.313524,0.031487,0.654274,0.000715
1767906755.7535577,ira,0.6414,0.325076,0.032777,0.641382,0.000764
1767906757.1192265,ira,0.4794,0.457947,0.061822,0.479380,0.000852
1767906758.4057238,neutro,0.4795,0.479538,0.077252,0.441977,0.001233
1767906759.5771706,neutro,0.4905,0.490511,0.073294,0.434363,0.001831
1767906760.9060168,neutro,0.6127,0.612749,0.076413,0.309027,0.001810
1767906762.2484355,neutro,0.6829,0.682860,0.084151,0.231249,0.001740
