timestamp,label,conf,p_neutro,p_miedo,p_ira,p_alegria
1767891101.02757,neutro,0.7579,0.757942,0.123396,0.068233,0.050428
1767891102.7859316,neutro,0.7828,0.782786,0.126296,0.067835,0.023083
1767891104.266104,neutro,0.8105,0.810479,0.114447,0.044626,0.030448
1767891105.6066828,neutro,0.8899,0.889899,0.056674,0.018939,0.034488
1767891106.9102285,neutro,0.8833,0.883291,0.028421,0.008647,0.079641
1767891108.2567732,neutro,0.8117,0.811674,0.023385,0.008790,0.156151
1767891109.559989,neutro,0.7909,0.790910,0.015045,0.009310,0.184734
1767891110.842688,neutro,0.7440,0.743980,0.009687,0.007616,0.238718
1767891112.0908346,neutro,0.6571,0.657079,0.012140,0.009197,0.321583
1767891113.4478583,neutro,0.6018,0.601822,0.009836,0.009100,0.379243
1767891114.7747924,neutro,0.6142,0.614170,0.009521,0.008442,0.367868
1767891116.1077623,neutro,0.6228,0.622791,0.008834,0.007424,0.360951
1767891117.39026,neutro,0.6555,0.655492,0.005823,0.007674,0.331010
1767891118.713627,neutro,0.6738,0.673786,0.002269,0.007476,0.316468
1767891120.0675333,neutro,0.6228,0.622812,0.003161,0.006772,0.367255
1767891121.6617737,neutro,0.5245,0.524512,0.003356,0.007056,0.465076
1767891123.4034045,alegria,0.5794,0.409560,0.003778,0.007306,0.579357
1767891125.1494203,alegria,0.5487,0.441934,0.004641,0.004774,0.548651
1767891126.8777463,neutro,0.5158,0.515755,0.005132,0.002869,0.476244
1767891128.3799765,neutro,0.6697,0.669698,0.003708,0.002054,0.324541
1767891129.9471345,neutro,0.8234,0.823413,0.004195,0.001204,0.171188
1767891131.50063,neutro,0.8908,0.890807,0.043669,0.013035,0.052489
1767891132.981951,neutro,0.8556,0.855599,0.059296,0.024047,0.061057
1767891134.4642158,neutro,0.8503,0.850294,0.062677,0.025097,0.061931
1767891135.9073813,neutro,0.8499,0.849861,0.062886,0.027366,0.059887
1767891137.3270493,neutro,0.8561,0.856150,0.061772,0.029523,0.052555
1767891138.6179745,neutro,0.9179,0.917872,0.021582,0.018892,0.041654
1767891139.782452,neutro,0.7915,0.791459,0.005000,0.008532,0.195009
1767891141.029595,neutro,0.6295,0.629458,0.001048,0.007763,0.361731
1767891142.5640445,neutro,0.5880,0.587992,0.000024,0.006996,0.404988
1767891144.1610796,neutro,0.5545,0.554503,0.000023,0.015912,0.429561
1767891145.9631877,neutro,0.5100,0.509979,0.000025,0.086388,0.403608
1767891147.5909255,neutro,0.5962,0.596234,0.000037,0.163465,0.240263
1767891148.9337099,neutro,0.5914,0.591372,0.000809,0.334599,0.073221
1767891150.2551882,neutro,0.4840,0.484022,0.002287,0.483475,0.030216
1767891151.4545074,ira,0.5494,0.434279,0.013532,0.549435,0.002754
1767891152.7642972,neutro,0.4885,0.488524,0.021702,0.487229,0.002545
1767891154.0554292,neutro,0.5467,0.546692,0.025475,0.426283,0.001550
1767891155.3385684,neutro,0.6695,0.669508,0.073566,0.256023,0.000903
1767891156.5578997,neutro,0.7899,0.789881,0.101746,0.107652,0.000721
1767891157.738344,neutro,0.8248,0.824760,0.104899,0.069471,0.000870
1767891158.9494812,neutro,0.6815,0.681470,0.099117,0.218185,0.001227
1767891160.1329331,neutro,0.5646,0.564600,0.231735,0.202484,0.001181
1767891161.3255317,neutro,0.4536,0.453592,0.343421,0.201831,0.001157
1767891162.538169,miedo,0.4211,0.375970,0.421073,0.201804,0.001153
1767891163.7273483,miedo,0.4820,0.351760,0.481958,0.165579,0.000703
1767891165.0107434,miedo,0.6641,0.329409,0.664087,0.006327,0.000178
1767891166.2443686,miedo,0.7253,0.269324,0.725260,0.005242,0.000173
1767891167.4255931,miedo,0.7423,0.252768,0.742311,0.004742,0.000178
1767891168.6048555,miedo,0.8039,0.193262,0.803903,0.002754,0.000081
1767891169.762219,miedo,0.8728,0.127173,0.872798,0.000012,0.000017
1767891170.9814894,miedo,0.8573,0.142653,0.857326,0.000003,0.000018
1767891172.149783,miedo,0.8224,0.177533,0.822445,0.000003,0.000019
1767891173.3636136,miedo,0.8222,0.177803,0.822187,0.000003,0.000007
1767891174.5482419,miedo,0.8009,0.199111,0.800879,0.000003,0.000007
1767891175.7414916,miedo,0.7898,0.210146,0.789839,0.000008,0.000007
1767891176.8949976,miedo,0.6444,0.354564,0.644382,0.001045,0.000009
1767891178.0789056,miedo,0.4879,0.449658,0.487919,0.062385,0.000038
1767891179.345597,neutro,0.5049,0.504915,0.329568,0.165170,0.000348
1767891180.6261404,neutro,0.5378,0.537848,0.187605,0.274107,0.000440
1767891181.7655485,neutro,0.6209,0.620859,0.102053,0.276589,0.000499
1767891182.9244914,neutro,0.6027,0.602693,0.120889,0.275922,0.000497
1767891184.0831168,neutro,0.5364,0.536366,0.248534,0.214633,0.000467
1767891185.1962013,neutro,0.5231,0.523055,0.364743,0.112045,0.000157
1767891186.3642304,neutro,0.5364,0.536398,0.460227,0.003311,0.000064
1767891187.4858444,miedo,0.5806,0.418582,0.580590,0.000826,0.000002
1767891188.6152773,miedo,0.5402,0.458445,0.540184,0.000459,0.000912
1767891189.7367992,neutro,0.5887,0.588685,0.407028,0.000418,0.003869
1767891190.8790653,neutro,0.7197,0.719665,0.272303,0.000227,0.007805
1767891191.9853606,neutro,0.8200,0.819964,0.172176,0.000024,0.007836
1767891193.1010695,neutro,0.9849,0.984900,0.007215,0.000021,0.007865
1767891194.3301945,neutro,0.9461,0.946103,0.046565,0.000019,0.007313
1767891195.542731,neutro,0.9445,0.944548,0.049441,0.000007,0.006004
1767891196.674795,neutro,0.9479,0.947874,0.049375,0.000002,0.002749
1767891197.8468294,neutro,0.9484,0.948400,0.048645,0.000003,0.002952
1767891199.0226612,neutro,0.9473,0.947255,0.045812,0.000004,0.006928
1767891200.233253,neutro,0.9828,0.982792,0.005556,0.000008,0.011644
1767891201.4231355,neutro,0.9848,0.984786,0.004648,0.000010,0.010556
1767891202.6315114,neutro,0.9810,0.981009,0.004994,0.000018,0.013979
1767891203.7253153,neutro,0.9751,0.975120,0.004915,0.000028,0.019937
1767891204.8819103,neutro,0.9716,0.971615,0.005602,0.000028,0.022754
1767891206.0874848,neutro,0.9763,0.976343,0.004853,0.000024,0.018780
1767891207.2847176,neutro,0.9734,0.973444,0.002366,0.000022,0.024168
1767891208.486476,neutro,0.9674,0.967415,0.009959,0.000207,0.022419
1767891209.6395795,neutro,0.9680,0.967986,0.011106,0.000236,0.020672
1767891210.8115466,neutro,0.9725,0.972534,0.010353,0.000235,0.016878
1767891211.9803543,neutro,0.9718,0.971847,0.010064,0.000235,0.017854
1767891213.1936312,neutro,0.9755,0.975519,0.011323,0.000235,0.012923
1767891214.4067268,neutro,0.9417,0.941655,0.047612,0.000041,0.010692
1767891215.651477,neutro,0.9337,0.933695,0.060054,0.000002,0.006249
1767891216.8853714,neutro,0.7988,0.798795,0.197976,0.000006,0.003223
1767891218.1286144,neutro,0.6032,0.603224,0.395624,0.000006,0.001146
1767891219.32885,miedo,0.5868,0.413080,0.586783,0.000009,0.000128
1767891220.556155,miedo,0.6836,0.316339,0.683621,0.000035,0.000005
1767891221.748146,miedo,0.7307,0.269164,0.730740,0.000093,0.000003
1767891223.0084593,miedo,0.7250,0.274887,0.724985,0.000127,0.000001
1767891224.1764603,miedo,0.6953,0.304521,0.695329,0.000148,0.000002
1767891225.3909786,miedo,0.6670,0.332865,0.666965,0.000169,0.000002
1767891226.6086552,miedo,0.5274,0.472349,0.527424,0.000170,0.000057
1767891227.8970926,neutro,0.5302,0.530233,0.466538,0.000308,0.002921
1767891229.1240778,neutro,0.6589,0.658875,0.334284,0.000901,0.005940
1767891230.3857582,neutro,0.8253,0.825291,0.166218,0.001358,0.007133
1767891231.688186,neutro,0.8365,0.836467,0.155058,0.001334,0.007141
1767891232.861208,neutro,0.7119,0.711941,0.279657,0.001307,0.007095
1767891234.0766406,neutro,0.7074,0.707375,0.286468,0.001110,0.005048
1767891235.207925,neutro,0.7096,0.709636,0.287363,0.000479,0.002522
1767891236.6076665,neutro,0.7080,0.707984,0.290052,0.000002,0.001962
1767891237.8354151,neutro,0.7217,0.721689,0.276254,0.000003,0.002053
1767891239.2125084,neutro,0.7250,0.724992,0.272902,0.000004,0.002102
1767891240.5855994,neutro,0.5914,0.591407,0.407297,0.000004,0.001292
1767891241.8758051,neutro,0.5229,0.522929,0.476243,0.000004,0.000825
1767891243.2365224,miedo,0.6590,0.340773,0.659029,0.000004,0.000194
1767891244.4637291,miedo,0.7187,0.281171,0.718733,0.000002,0.000094
1767891245.6278892,miedo,0.7946,0.205339,0.794624,0.000002,0.000035
1767891246.9435055,miedo,0.8531,0.146870,0.853101,0.000001,0.000027
1767891248.3649695,miedo,0.9719,0.028130,0.971868,0.000001,0.000002
1767891249.8153565,miedo,0.9770,0.023002,0.976997,0.000001,0.000000
1767891251.1432567,miedo,0.9720,0.028025,0.971974,0.000001,0.000001
1767891252.3836844,miedo,0.9013,0.098702,0.901297,0.000001,0.000001
1767891253.624318,miedo,0.7050,0.292825,0.705038,0.000056,0.002080
1767891254.8895001,miedo,0.5190,0.470783,0.518992,0.000303,0.009922
1767891256.1840057,neutro,0.6371,0.637132,0.345467,0.000743,0.016658
1767891257.6502538,neutro,0.8240,0.823998,0.155394,0.001528,0.019080
1767891258.8947737,neutro,0.8765,0.876482,0.027457,0.001845,0.094216
1767891260.3460577,neutro,0.8806,0.880590,0.024651,0.001791,0.092968
1767891261.765661,neutro,0.8788,0.878792,0.034517,0.001543,0.085148
1767891263.407548,neutro,0.8379,0.837865,0.082607,0.001104,0.078424
1767891265.0002797,neutro,0.8357,0.835716,0.087827,0.000320,0.076137
1767891266.5548291,neutro,0.9087,0.908736,0.090032,0.000003,0.001230
1767891268.124837,neutro,0.9086,0.908625,0.090561,0.000002,0.000812
1767891269.5643399,neutro,0.9188,0.918761,0.080296,0.000002,0.000940
1767891271.0451262,neutro,0.9563,0.956304,0.042658,0.000002,0.001036
1767891272.5440078,neutro,0.9595,0.959485,0.036911,0.000018,0.003587
1767891273.886293,neutro,0.9111,0.911087,0.034622,0.000023,0.054267
1767891275.414416,neutro,0.9105,0.910454,0.035666,0.000023,0.053856
1767891277.1717548,neutro,0.8194,0.819369,0.126822,0.000024,0.053785
1767891278.934166,neutro,0.8031,0.803062,0.142723,0.000025,0.054190
1767891280.5905018,neutro,0.8053,0.805336,0.141467,0.000009,0.053187
1767891282.0961828,neutro,0.8552,0.855227,0.141838,0.000004,0.002931
1767891283.875628,neutro,0.8454,0.845371,0.151611,0.000015,0.003002
1767891285.6590369,neutro,0.8941,0.894114,0.102070,0.000889,0.002927
1767891287.1605692,neutro,0.8911,0.891120,0.105111,0.001355,0.002414
1767891288.8678777,neutro,0.7965,0.796509,0.200827,0.001929,0.000735
1767891290.4299095,neutro,0.6126,0.612584,0.385400,0.001934,0.000082
1767891292.041367,neutro,0.5322,0.532172,0.465849,0.001923,0.000056
1767891293.7607121,neutro,0.5755,0.575545,0.422628,0.001048,0.000778
1767891295.5328093,neutro,0.6212,0.621246,0.376417,0.000581,0.001756
1767891297.233651,neutro,0.7185,0.718536,0.279475,0.000006,0.001983
1767891298.9335153,neutro,0.8171,0.817128,0.180859,0.000002,0.002011
1767891300.5901768,neutro,0.8440,0.844001,0.154023,0.000001,0.001974
1767891302.2377791,neutro,0.8309,0.830933,0.167713,0.000002,0.001353
1767891303.7940183,neutro,0.8282,0.828212,0.169473,0.000008,0.002307
1767891305.3199933,neutro,0.8131,0.813108,0.184146,0.000065,0.002682
1767891306.759897,neutro,0.8291,0.829056,0.168017,0.000164,0.002763
1767891308.245891,neutro,0.8008,0.800837,0.193877,0.001714,0.003572
1767891309.9037151,neutro,0.6461,0.646074,0.348008,0.002415,0.003503
1767891311.5741022,miedo,0.5252,0.469937,0.525172,0.003287,0.001604
1767891313.2458472,miedo,0.6168,0.376405,0.616769,0.005344,0.001482
1767891314.8579266,miedo,0.5699,0.405508,0.569907,0.020478,0.004107
1767891316.6089997,miedo,0.4785,0.410686,0.478465,0.020815,0.090034
1767891318.547489,neutro,0.4844,0.484386,0.310088,0.024929,0.180597
1767891320.4413455,neutro,0.5733,0.573280,0.130897,0.029946,0.265877
1767891322.4125304,neutro,0.5933,0.593331,0.023728,0.035274,0.347666
1767891324.0881426,alegria,0.5274,0.452147,0.000004,0.020462,0.527387
1767891325.6234715,alegria,0.5775,0.403258,0.000041,0.019247,0.577454
1767891327.1927347,alegria,0.6129,0.371610,0.000130,0.015391,0.612869
1767891328.6827624,alegria,0.6133,0.327443,0.045485,0.013729,0.613343
1767891330.3023303,alegria,0.5324,0.351043,0.107220,0.009308,0.532429
1767891331.785644,neutro,0.4375,0.437532,0.126169,0.080197,0.356102
1767891333.1910255,neutro,0.5197,0.519726,0.131272,0.109611,0.239392
1767891335.0565093,neutro,0.6131,0.613126,0.144698,0.109987,0.132189
1767891337.1090536,neutro,0.7348,0.734781,0.102121,0.107889,0.055209
1767891338.929134,neutro,0.7710,0.770970,0.044989,0.109358,0.074682
1767891341.1094208,neutro,0.7853,0.785334,0.092237,0.041472,0.080958
1767891343.5437503,neutro,0.8149,0.814885,0.091133,0.012133,0.081848
1767891346.1070166,neutro,0.8142,0.814170,0.078317,0.011443,0.096070
1767891348.5340526,neutro,0.8116,0.811567,0.075586,0.009598,0.103249
1767891350.5860562,neutro,0.8405,0.840487,0.070989,0.005784,0.082740
1767891352.6101208,neutro,0.9100,0.910025,0.004808,0.011247,0.073920
1767891354.4716713,neutro,0.8504,0.850386,0.002601,0.019884,0.127128
1767891356.67225,neutro,0.8200,0.820046,0.005835,0.024915,0.149204
1767891358.9162788,neutro,0.8239,0.823869,0.006765,0.026781,0.142585
1767891360.6535594,neutro,0.8021,0.802073,0.007491,0.026674,0.163761
1767891362.6133096,neutro,0.8015,0.801460,0.012414,0.019296,0.166830
1767891364.5870335,neutro,0.8848,0.884845,0.011264,0.010570,0.093321
1767891366.4051163,neutro,0.9131,0.913131,0.015529,0.020005,0.051336
1767891368.372061,neutro,0.9158,0.915752,0.014553,0.023132,0.046563
1767891370.1535444,neutro,0.8775,0.877539,0.013820,0.075390,0.033251
1767891371.8519168,neutro,0.7958,0.795808,0.008878,0.168582,0.026732
1767891373.8744125,neutro,0.7096,0.709610,0.008198,0.256086,0.026106
1767891375.844483,neutro,0.6519,0.651921,0.000001,0.334976,0.013102
1767891377.7903843,neutro,0.5617,0.561743,0.000000,0.429635,0.008622
1767891379.54481,neutro,0.5897,0.589656,0.000004,0.409850,0.000489
1767891381.990825,neutro,0.5679,0.567926,0.001883,0.429797,0.000394
1767891384.3184428,neutro,0.5327,0.532706,0.005977,0.460975,0.000343
1767891386.8061166,neutro,0.5280,0.527988,0.006203,0.465579,0.000231
1767891388.970178,neutro,0.5731,0.573090,0.006274,0.420520,0.000116
1767891391.0205815,neutro,0.5725,0.572466,0.030383,0.397064,0.000087
1767891393.04691,neutro,0.6667,0.666703,0.049130,0.284114,0.000052
1767891395.4499748,neutro,0.7572,0.757195,0.077516,0.165251,0.000038
1767891398.1081378,neutro,0.8178,0.817799,0.104321,0.077638,0.000242
1767891400.899266,neutro,0.8492,0.849152,0.111134,0.038184,0.001530
1767891403.4290762,neutro,0.8080,0.808037,0.087024,0.063795,0.041144
1767891405.7058716,neutro,0.8102,0.810233,0.066400,0.072694,0.050673
1767891407.7513375,neutro,0.8178,0.817801,0.033977,0.094573,0.053648
1767891409.801475,neutro,0.8428,0.842761,0.006994,0.096131,0.054113
1767891411.7661004,neutro,0.8628,0.862785,0.000381,0.083787,0.053047
1767891413.9930513,neutro,0.9316,0.931643,0.003136,0.051701,0.013520
1767891416.0136652,neutro,0.9324,0.932433,0.020910,0.042668,0.003990
1767891417.9196866,neutro,0.9177,0.917650,0.059878,0.021457,0.001015
1767891419.650625,neutro,0.8902,0.890189,0.100085,0.009384,0.000343
1767891421.355956,neutro,0.7735,0.773507,0.099837,0.041562,0.085094
1767891423.215223,neutro,0.6611,0.661053,0.097087,0.041497,0.200363
1767891424.9830208,neutro,0.5641,0.564108,0.079313,0.041939,0.314640
1767891426.659317,alegria,0.4718,0.446497,0.040288,0.041462,0.471753
1767891428.6599784,alegria,0.6161,0.337059,0.005399,0.041413,0.616129
1767891430.961586,alegria,0.5331,0.363479,0.096955,0.006492,0.533074
1767891433.1052055,neutro,0.4694,0.469355,0.109480,0.003447,0.417719
1767891434.9410326,neutro,0.5060,0.505997,0.189101,0.001443,0.303459
1767891436.6918917,neutro,0.4916,0.491620,0.361259,0.000773,0.146348
1767891438.307834,neutro,0.5191,0.519097,0.478568,0.000345,0.001989
1767891440.0619411,miedo,0.5550,0.444825,0.555030,0.000007,0.000138
1767891442.3863413,miedo,0.6398,0.359579,0.639763,0.000287,0.000371
1767891444.1851654,miedo,0.6135,0.380429,0.613538,0.005549,0.000484
1767891446.350498,neutro,0.5247,0.524714,0.453176,0.016450,0.005660
1767891448.5676732,neutro,0.5969,0.596851,0.366238,0.020669,0.016241
1767891450.9873388,neutro,0.7162,0.716198,0.237507,0.023583,0.022712
1767891453.2284856,neutro,0.8031,0.803095,0.143576,0.024860,0.028468
1767891455.6241252,neutro,0.7713,0.771344,0.170897,0.019936,0.037823
1767891457.626246,neutro,0.6150,0.615046,0.343276,0.009035,0.032643
1767891460.0100572,neutro,0.4945,0.494482,0.478660,0.004815,0.022043
1767891462.2393825,miedo,0.6124,0.370167,0.612429,0.001897,0.015507
1767891464.5212858,miedo,0.8017,0.188449,0.801719,0.000341,0.009491
1767891466.587178,miedo,0.9192,0.080746,0.919249,0.000003,0.000002
1767891468.7016551,miedo,0.9286,0.071406,0.928588,0.000004,0.000002
1767891471.0806236,miedo,0.7629,0.236996,0.762932,0.000058,0.000015
1767891473.4948697,miedo,0.5905,0.409421,0.590488,0.000073,0.000017
1767891475.6819038,miedo,0.5935,0.406387,0.593523,0.000073,0.000017
1767891477.3432355,miedo,0.5854,0.414535,0.585375,0.000073,0.000017
1767891479.6229155,miedo,0.5845,0.415363,0.584549,0.000072,0.000017
1767891481.8921177,miedo,0.7171,0.282905,0.717068,0.000023,0.000004
1767891484.118422,miedo,0.7166,0.180116,0.716606,0.103221,0.000058
1767891486.5253897,miedo,0.5227,0.286375,0.522714,0.190839,0.000072
1767891488.7058456,miedo,0.3562,0.329208,0.356226,0.314391,0.000175
1767891491.5437372,neutro,0.3678,0.367828,0.309279,0.322683,0.000210
1767891494.1919434,neutro,0.3927,0.392705,0.283828,0.323213,0.000255
1767891496.3043685,miedo,0.4274,0.351767,0.427413,0.220611,0.000209
1767891497.8889523,miedo,0.5529,0.313699,0.552904,0.133193,0.000203
1767891499.280487,miedo,0.7202,0.270013,0.720243,0.009643,0.000100
1767891500.7633045,miedo,0.7173,0.281219,0.717325,0.001390,0.000066
1767891502.2599204,miedo,0.7156,0.283432,0.715634,0.000914,0.000021
1767891504.0398176,miedo,0.6427,0.356776,0.642685,0.000526,0.000013
1767891506.347687,miedo,0.5971,0.402443,0.597074,0.000468,0.000016
1767891508.1942217,neutro,0.5208,0.520770,0.471438,0.007644,0.000148
1767891510.0943744,neutro,0.5280,0.528036,0.352074,0.119723,0.000166
1767891512.396816,neutro,0.4839,0.483923,0.392732,0.123167,0.000177
1767891514.3739958,neutro,0.4947,0.494686,0.381541,0.123593,0.000180
1767891516.3902535,neutro,0.5109,0.510853,0.365099,0.123875,0.000173
1767891518.4661906,neutro,0.4653,0.465316,0.417547,0.117094,0.000043
1767891520.6300871,neutro,0.5798,0.579842,0.414334,0.005791,0.000033
1767891522.3844287,neutro,0.7197,0.719686,0.277976,0.002296,0.000042
1767891523.7671027,neutro,0.5961,0.596060,0.402253,0.001650,0.000036
1767891525.1739416,miedo,0.5124,0.486322,0.512414,0.001233,0.000032
1767891526.6306615,miedo,0.5469,0.452210,0.546925,0.000836,0.000029
1767891528.019901,miedo,0.5644,0.435579,0.564374,0.000027,0.000020
1767891529.4904902,miedo,0.7397,0.260264,0.739671,0.000061,0.000003
1767891531.4446442,miedo,0.7440,0.255924,0.744015,0.000059,0.000003
1767891533.4236927,miedo,0.7534,0.246587,0.753350,0.000059,0.000003
1767891534.955036,miedo,0.7973,0.202688,0.797251,0.000057,0.000003
1767891536.367317,miedo,0.9540,0.045939,0.954003,0.000055,0.000003
1767891537.8599198,miedo,0.9587,0.041238,0.958744,0.000018,0.000000
1767891539.7962985,miedo,0.9489,0.050848,0.948917,0.000235,0.000001
1767891542.2667778,miedo,0.8787,0.119928,0.878733,0.001335,0.000004
1767891544.0113716,miedo,0.7300,0.267921,0.730017,0.002056,0.000006
1767891545.6340141,miedo,0.5895,0.408067,0.589458,0.002467,0.000009
1767891547.3178961,neutro,0.5500,0.549969,0.446602,0.003418,0.000011
1767891548.7619534,neutro,0.6760,0.675979,0.318908,0.005101,0.000012
1767891550.2715788,neutro,0.6015,0.601498,0.204400,0.192712,0.001390
1767891551.704469,neutro,0.6324,0.632406,0.157945,0.206413,0.003236
1767891553.210022,neutro,0.6604,0.660398,0.126583,0.209771,0.003248
1767891554.76658,neutro,0.6604,0.660405,0.126440,0.209880,0.003276
1767891556.2166913,neutro,0.6125,0.612468,0.176120,0.208128,0.003283
1767891558.12056,neutro,0.7696,0.769610,0.208305,0.020182,0.001904
1767891560.1685061,neutro,0.7596,0.759559,0.234028,0.006352,0.000061
1767891561.8099794,neutro,0.7670,0.766981,0.230286,0.002675,0.000058
1767891563.2487206,neutro,0.6741,0.674142,0.324117,0.001711,0.000029
1767891565.0600412,neutro,0.6227,0.622731,0.375669,0.001580,0.000020
1767891567.1138985,neutro,0.5522,0.552157,0.446886,0.000935,0.000022
1767891569.5552237,miedo,0.5615,0.438023,0.561461,0.000498,0.000018
1767891572.210259,miedo,0.6800,0.317482,0.680023,0.002486,0.000008
1767891573.756409,miedo,0.6105,0.383799,0.610536,0.005617,0.000048
1767891575.861921,miedo,0.6275,0.366851,0.627479,0.005621,0.000049
1767891578.0341628,miedo,0.7186,0.275817,0.718640,0.005498,0.000045
1767891579.8823402,miedo,0.7719,0.222657,0.771947,0.005353,0.000043
1767891581.3123014,miedo,0.8090,0.187674,0.808992,0.003292,0.000042
1767891583.1799474,miedo,0.9037,0.096227,0.903704,0.000068,0.000001
1767891585.673283,miedo,0.9157,0.084192,0.915739,0.000068,0.000001
1767891587.8313634,miedo,0.7471,0.219165,0.747118,0.033546,0.000170
1767891590.511012,miedo,0.5695,0.278826,0.569492,0.151308,0.000374
1767891592.4252775,miedo,0.3977,0.307951,0.397707,0.293604,0.000739
1767891594.0723646,neutro,0.4216,0.421551,0.236508,0.341010,0.000931
1767891595.7108526,ira,0.4720,0.466542,0.059203,0.471985,0.002269
1767891597.4768457,neutro,0.4877,0.487710,0.061496,0.448564,0.002231
1767891599.4699574,neutro,0.6002,0.600169,0.051263,0.346456,0.002113
1767891601.365909,neutro,0.7253,0.725328,0.057016,0.215811,0.001844
1767891603.1074479,neutro,0.7623,0.762323,0.066647,0.169366,0.001663
1767891604.7115443,neutro,0.8364,0.836388,0.124821,0.038465,0.000326
1767891606.390674,neutro,0.6832,0.683174,0.288217,0.028413,0.000196
1767891607.9913063,neutro,0.5366,0.536559,0.450534,0.012797,0.000110
1767891609.4683537,miedo,0.6277,0.371109,0.627700,0.001174,0.000017
1767891610.9028416,miedo,0.7971,0.202645,0.797131,0.000219,0.000005
1767891613.0701513,miedo,0.7769,0.218649,0.776921,0.004370,0.000060
1767891615.239269,miedo,0.6786,0.316170,0.678601,0.005163,0.000065
1767891617.4990537,miedo,0.5615,0.432943,0.561499,0.005492,0.000065
1767891619.6188304,neutro,0.5502,0.550191,0.444122,0.005623,0.000063
1767891621.5770378,neutro,0.6894,0.689359,0.304569,0.005988,0.000083
1767891623.221339,neutro,0.6516,0.651582,0.345177,0.003199,0.000042
1767891624.7457893,neutro,0.5690,0.568986,0.428543,0.002434,0.000037
1767891626.2840374,miedo,0.5602,0.437655,0.560244,0.002065,0.000036
1767891627.7120137,miedo,0.6873,0.310750,0.687329,0.001886,0.000035
1767891629.504694,miedo,0.8335,0.164965,0.833508,0.001512,0.000015
1767891631.1120393,miedo,0.9499,0.050086,0.949862,0.000051,0.000000
1767891632.623846,miedo,0.8528,0.147168,0.852795,0.000027,0.000010
1767891634.2101474,miedo,0.6981,0.301828,0.698079,0.000048,0.000046
1767891635.8801622,miedo,0.6930,0.306940,0.692951,0.000063,0.000046
1767891637.5639327,miedo,0.6926,0.307314,0.692580,0.000059,0.000046
1767891638.9781575,miedo,0.6923,0.307644,0.692252,0.000058,0.000046
1767891640.5625496,miedo,0.8079,0.192033,0.807880,0.000047,0.000040
1767891642.2055757,miedo,0.9734,0.026622,0.973354,0.000020,0.000004
1767891643.8324795,miedo,0.9758,0.024206,0.975771,0.000020,0.000004
1767891645.4631364,miedo,0.9308,0.068888,0.930786,0.000322,0.000004
1767891646.9418907,miedo,0.9307,0.068950,0.930723,0.000322,0.000004
1767891648.4554727,miedo,0.9350,0.064638,0.935040,0.000321,0.000001
1767891649.822957,miedo,0.9404,0.059285,0.940395,0.000319,0.000001
1767891651.2327645,miedo,0.9473,0.052394,0.947302,0.000303,0.000001
1767891652.6266966,miedo,0.9954,0.004605,0.995393,0.000002,0.000000
1767891654.084807,miedo,0.9840,0.015954,0.984037,0.000007,0.000001
1767891655.8166838,miedo,0.8169,0.182970,0.816903,0.000119,0.000007
1767891657.3600953,miedo,0.6308,0.368974,0.630814,0.000203,0.000009
1767891658.8192477,neutro,0.5010,0.500987,0.498576,0.000427,0.000010
1767891660.2943697,neutro,0.5589,0.558878,0.440593,0.000518,0.000011
1767891662.0361083,neutro,0.5499,0.549889,0.449585,0.000516,0.000010
1767891664.0329263,miedo,0.5080,0.491432,0.507974,0.000591,0.000004
1767891666.4431448,miedo,0.5270,0.472026,0.526973,0.000998,0.000003
1767891668.917617,neutro,0.5209,0.520938,0.477068,0.001991,0.000002
1767891670.721677,neutro,0.6519,0.651870,0.341774,0.006348,0.000008
1767891672.450461,neutro,0.7583,0.758278,0.149160,0.090971,0.001591
1767891674.7415247,neutro,0.7322,0.732174,0.058919,0.205117,0.003790
1767891677.2999985,neutro,0.5766,0.576553,0.031433,0.365545,0.026469
1767891679.9014452,ira,0.4854,0.417224,0.030588,0.485431,0.066758
1767891682.9170756,ira,0.4818,0.300744,0.067781,0.481800,0.149675
1767891685.4970148,ira,0.3972,0.251474,0.202832,0.397178,0.148516
1767891688.2666087,neutro,0.2853,0.285275,0.285167,0.283240,0.146317
1767891690.9200804,neutro,0.4293,0.429301,0.324275,0.122784,0.123639
1767891692.7221515,neutro,0.5808,0.580770,0.333998,0.001880,0.083351
1767891694.1597745,neutro,0.6915,0.691463,0.307014,0.001091,0.000431
1767891695.6802115,neutro,0.6798,0.679814,0.318969,0.001210,0.000007
1767891697.21879,neutro,0.6260,0.626040,0.373070,0.000883,0.000007
1767891698.8692477,miedo,0.5223,0.477263,0.522306,0.000425,0.000006
1767891700.4727862,miedo,0.6730,0.326743,0.672980,0.000263,0.000015
1767891702.0317452,miedo,0.8068,0.192903,0.806794,0.000292,0.000011
1767891703.6798906,miedo,0.7014,0.297714,0.701420,0.000856,0.000011
1767891705.4612236,miedo,0.6336,0.365391,0.633628,0.000971,0.000011
1767891707.4702785,miedo,0.5155,0.483311,0.515483,0.001195,0.000011
1767891709.7722733,neutro,0.5572,0.557211,0.441293,0.001494,0.000001
1767891712.475393,neutro,0.6333,0.633282,0.364842,0.001874,0.000002
1767891715.2133474,neutro,0.6489,0.648918,0.332437,0.018639,0.000005
1767891717.6834614,neutro,0.5566,0.556552,0.407046,0.036360,0.000043
1767891720.252514,neutro,0.5421,0.542074,0.419566,0.038295,0.000064
1767891722.0088103,neutro,0.5965,0.596484,0.330136,0.072005,0.001374
1767891723.618621,neutro,0.4862,0.486176,0.257386,0.249632,0.006806
1767891725.8547244,neutro,0.4956,0.495610,0.262879,0.234278,0.007233
1767891728.3516314,neutro,0.4976,0.497573,0.278841,0.216391,0.007195
1767891730.1146042,neutro,0.4081,0.408121,0.370429,0.214277,0.007174
1767891731.76986,miedo,0.4815,0.332287,0.481530,0.180319,0.005863
1767891733.4318588,miedo,0.5731,0.424014,0.573090,0.002464,0.000432
1767891735.1936722,miedo,0.6585,0.340776,0.658482,0.000739,0.000003
1767891737.3764837,miedo,0.6777,0.321553,0.677678,0.000766,0.000003
1767891739.7806444,miedo,0.6250,0.374220,0.625029,0.000749,0.000002
1767891741.5881717,miedo,0.5851,0.414143,0.585076,0.000779,0.000003
1767891743.4529362,miedo,0.5630,0.435800,0.562999,0.001197,0.000004
1767891746.2431245,miedo,0.5224,0.475739,0.522433,0.001824,0.000004
1767891749.2843854,neutro,0.5347,0.534727,0.462994,0.002276,0.000004
1767891752.1119814,neutro,0.5080,0.507954,0.489509,0.002532,0.000005
1767891754.7632456,miedo,0.5496,0.447415,0.549567,0.003011,0.000007
1767891756.6358724,miedo,0.6029,0.394352,0.602942,0.002699,0.000007
1767891758.3796093,miedo,0.5999,0.398036,0.599914,0.002044,0.000006
1767891759.8046215,miedo,0.5160,0.481712,0.515958,0.002324,0.000007
1767891761.2649076,neutro,0.6005,0.600516,0.396246,0.003228,0.000009
1767891763.3271003,neutro,0.7159,0.715885,0.280561,0.003543,0.000011
1767891765.1451294,neutro,0.7761,0.776097,0.220254,0.003640,0.000009
1767891766.7496061,neutro,0.8320,0.832010,0.164651,0.003324,0.000015
1767891768.3926876,neutro,0.7923,0.792304,0.204963,0.002719,0.000014
1767891769.873845,neutro,0.7559,0.755909,0.230576,0.013489,0.000026
1767891771.2810774,neutro,0.6058,0.605826,0.212639,0.181087,0.000448
1767891772.6003637,neutro,0.5479,0.547879,0.266059,0.185584,0.000478
1767891773.909967,neutro,0.4198,0.419797,0.393884,0.185846,0.000473
1767891775.45178,miedo,0.4958,0.317961,0.495847,0.185719,0.000473
1767891777.0110805,miedo,0.5916,0.234158,0.591609,0.173776,0.000457
1767891779.2058733,miedo,0.7111,0.283576,0.711093,0.005300,0.000032
1767891781.604257,miedo,0.6607,0.338645,0.660658,0.000697,0.000001
1767891783.8879883,miedo,0.5308,0.305465,0.530789,0.163742,0.000004
1767891785.9883633,miedo,0.4569,0.368484,0.456907,0.174602,0.000007
1767891788.2168458,neutro,0.4240,0.424012,0.398089,0.177886,0.000013
1767891790.2482421,neutro,0.4854,0.485374,0.336472,0.178141,0.000013
1767891791.9535797,neutro,0.4930,0.492980,0.328978,0.178029,0.000014
1767891793.9630835,neutro,0.6288,0.628763,0.351889,0.019287,0.000061
1767891796.057892,neutro,0.6432,0.643236,0.338548,0.018125,0.000091
1767891798.2754142,neutro,0.6806,0.680643,0.302824,0.016438,0.000094
1767891800.233691,neutro,0.5953,0.595261,0.241836,0.162801,0.000102
1767891802.634539,neutro,0.5117,0.511703,0.322260,0.165929,0.000108
1767891805.0897882,neutro,0.5051,0.505132,0.332665,0.162046,0.000158
1767891807.2981544,neutro,0.5860,0.585957,0.261603,0.152315,0.000125
1767891809.594479,neutro,0.4702,0.470229,0.378940,0.150715,0.000116
1767891811.8282304,neutro,0.5149,0.514878,0.472805,0.012142,0.000175
1767891813.546864,neutro,0.5230,0.523018,0.389900,0.086839,0.000244
1767891815.5130467,neutro,0.4105,0.410543,0.382636,0.206656,0.000165
1767891817.2867444,miedo,0.3683,0.284564,0.368323,0.346731,0.000382
1767891819.3152184,neutro,0.3926,0.392567,0.258736,0.347639,0.001059
1767891821.0832016,miedo,0.3502,0.309193,0.350247,0.339568,0.000992
1767891822.814604,miedo,0.4898,0.247738,0.489788,0.261556,0.000918
1767891824.6178575,miedo,0.6483,0.209816,0.648251,0.141037,0.000895
1767891826.2675624,miedo,0.7578,0.239515,0.757765,0.002042,0.000678
1767891827.9976108,miedo,0.7131,0.268916,0.713064,0.017998,0.000023
1767891829.6007543,miedo,0.5809,0.389524,0.580911,0.029488,0.000077
1767891831.292595,miedo,0.4848,0.474136,0.484760,0.040960,0.000144
1767891832.9112701,neutro,0.5869,0.586935,0.368524,0.044377,0.000164
1767891834.5338545,neutro,0.6778,0.677816,0.274260,0.047713,0.000211
1767891836.2948325,neutro,0.6675,0.667501,0.298737,0.033316,0.000446
1767891838.0772924,neutro,0.6691,0.669119,0.308356,0.022042,0.000483
1767891839.8113048,neutro,0.7581,0.758144,0.219122,0.011922,0.010811
1767891841.4661932,neutro,0.7232,0.723193,0.155490,0.031853,0.089463
1767891843.249721,neutro,0.6234,0.623352,0.137495,0.034223,0.204930
1767891844.8811104,neutro,0.6551,0.655123,0.105532,0.031996,0.207350
1767891846.5074584,neutro,0.5458,0.545767,0.215104,0.031865,0.207264
1767891848.1620255,neutro,0.5076,0.507612,0.264934,0.030578,0.196875
1767891849.7719603,neutro,0.4377,0.437657,0.436383,0.007746,0.118214
1767891851.341584,neutro,0.4910,0.491013,0.452451,0.014436,0.042101
1767891853.0360334,miedo,0.4915,0.454062,0.491494,0.014913,0.039531
1767891854.5033085,miedo,0.5022,0.443257,0.502151,0.015066,0.039527
1767891855.9461145,miedo,0.5419,0.403586,0.541851,0.015029,0.039533
1767891857.447532,neutro,0.5410,0.540967,0.404930,0.014552,0.039551
1767891859.0217671,miedo,0.5741,0.424669,0.574096,0.001086,0.000149
1767891860.5934074,miedo,0.7136,0.286025,0.713578,0.000353,0.000044
1767891862.1956139,miedo,0.7015,0.298314,0.701526,0.000118,0.000043
1767891863.932604,miedo,0.6023,0.335890,0.602270,0.061032,0.000809
1767891865.7737708,miedo,0.5611,0.312376,0.561067,0.119379,0.007178
1767891867.5992215,neutro,0.3839,0.383948,0.378079,0.193329,0.044644
1767891869.4955878,neutro,0.5052,0.505153,0.188348,0.258683,0.047816
1767891871.2151024,neutro,0.5773,0.577332,0.089629,0.284104,0.048935
1767891872.8231385,neutro,0.5419,0.541869,0.173286,0.233773,0.051071
1767891874.400772,neutro,0.5262,0.526214,0.210601,0.218249,0.044936
1767891876.0491633,neutro,0.5358,0.535841,0.206893,0.249682,0.007583
1767891877.9664743,neutro,0.5109,0.510928,0.203977,0.276649,0.008446
1767891879.6803432,neutro,0.5312,0.531232,0.210018,0.251370,0.007380
1767891881.4262123,neutro,0.5380,0.537952,0.216726,0.240858,0.004464
1767891883.0513587,neutro,0.6135,0.613461,0.184348,0.197989,0.004202
1767891884.9965556,neutro,0.6113,0.611317,0.291973,0.092621,0.004089
1767891886.6917171,neutro,0.5556,0.555563,0.443262,0.001104,0.000071
1767891888.4688082,neutro,0.5131,0.513080,0.419386,0.067133,0.000401
1767891890.2078521,neutro,0.4628,0.462818,0.334401,0.202289,0.000492
1767891892.0310378,neutro,0.3757,0.375676,0.352835,0.270848,0.000641
1767891893.7834053,ira,0.4584,0.292936,0.247992,0.458430,0.000642
1767891895.6071758,ira,0.4594,0.292325,0.247597,0.459449,0.000629
1767891897.3502586,ira,0.3996,0.366286,0.233856,0.399596,0.000263
1767891898.9426212,neutro,0.4088,0.408776,0.228563,0.362476,0.000185
1767891900.428871,neutro,0.4582,0.458222,0.207561,0.333855,0.000362
1767891901.874505,neutro,0.6191,0.619105,0.203984,0.176496,0.000416
1767891903.3839483,neutro,0.7596,0.759555,0.051182,0.188802,0.000461
1767891904.951042,neutro,0.6393,0.639302,0.002820,0.357087,0.000790
1767891906.5189764,neutro,0.5867,0.586725,0.021158,0.391339,0.000778
1767891908.037673,neutro,0.6090,0.608989,0.023643,0.366915,0.000452
1767891909.6002874,neutro,0.5174,0.517421,0.032851,0.449048,0.000680
1767891911.1797173,neutro,0.4707,0.470656,0.077299,0.448055,0.003990
1767891912.7593827,neutro,0.5760,0.576027,0.145673,0.274228,0.004072
1767891914.3372645,neutro,0.6364,0.636383,0.207398,0.152080,0.004139
1767891916.07577,neutro,0.5730,0.572959,0.206764,0.215708,0.004568
1767891917.9111176,neutro,0.6073,0.607341,0.199016,0.188900,0.004742
1767891919.549413,neutro,0.5553,0.555255,0.155458,0.287314,0.001973
1767891921.1821852,neutro,0.4564,0.456428,0.087416,0.454525,0.001631
1767891922.8068452,ira,0.6303,0.360430,0.007582,0.630331,0.001656
1767891924.2999372,ira,0.7303,0.264343,0.004022,0.730280,0.001356
1767891925.863847,ira,0.8017,0.190943,0.006442,0.801695,0.000920
1767891927.4324648,ira,0.8626,0.130621,0.006485,0.862564,0.000330
1767891928.8979669,ira,0.8873,0.106225,0.006262,0.887254,0.000259
1767891930.369669,ira,0.8892,0.104107,0.006327,0.889199,0.000367
1767891931.8699903,ira,0.8982,0.094418,0.006679,0.898240,0.000663
1767891933.3942044,ira,0.7838,0.171250,0.044252,0.783810,0.000688
1767891934.8691978,ira,0.6136,0.270734,0.114983,0.613593,0.000691
1767891936.3389168,ira,0.4252,0.415213,0.158914,0.425183,0.000690
1767891937.7989616,neutro,0.5791,0.579076,0.171631,0.248769,0.000525
1767891939.3635921,neutro,0.6983,0.698309,0.172990,0.127888,0.000813
1767891940.8490274,neutro,0.6543,0.654304,0.134815,0.209837,0.001044
1767891942.5951252,neutro,0.5869,0.586938,0.064462,0.347496,0.001105
1767891944.1333687,neutro,0.5667,0.566695,0.031624,0.400344,0.001337
1767891945.7418916,ira,0.5084,0.467059,0.023089,0.508383,0.001469
1767891947.398908,ira,0.5183,0.454920,0.025827,0.518321,0.000932
1767891949.1632118,neutro,0.4794,0.479444,0.125761,0.394132,0.000662
1767891950.744137,neutro,0.5210,0.521032,0.224031,0.254337,0.000600
1767891952.225097,neutro,0.5333,0.533336,0.269047,0.197260,0.000357
1767891953.8167055,neutro,0.6099,0.609935,0.312144,0.077730,0.000191
1767891955.4124742,neutro,0.5888,0.588817,0.410546,0.000620,0.000017
1767891957.0617323,miedo,0.5049,0.494820,0.504859,0.000310,0.000011
1767891958.8431451,miedo,0.5043,0.495382,0.504310,0.000299,0.000009
1767891960.4303572,neutro,0.5451,0.545092,0.452538,0.002325,0.000045
1767891961.9735081,neutro,0.4732,0.473244,0.404934,0.003694,0.118127
1767891963.5435917,neutro,0.4261,0.426124,0.301427,0.004816,0.267633
1767891965.11859,neutro,0.5357,0.535675,0.103639,0.009828,0.350858
1767891966.7524343,neutro,0.4992,0.499218,0.004607,0.011929,0.484245
1767891968.3860044,alegria,0.6201,0.368155,0.000155,0.011615,0.620075
1767891969.916958,alegria,0.6269,0.360754,0.000122,0.012264,0.626860
1767891971.5087342,neutro,0.5034,0.503355,0.000098,0.017329,0.479217
1767891972.9807107,neutro,0.5898,0.589849,0.000144,0.013988,0.396019
1767891974.4598396,neutro,0.7131,0.713054,0.003474,0.020441,0.263031
1767891975.97767,neutro,0.7503,0.750293,0.024372,0.032566,0.192769
1767891977.373955,neutro,0.8241,0.824088,0.074175,0.033543,0.068194
1767891978.8592556,neutro,0.7825,0.782490,0.121542,0.027665,0.068303
1767891980.3470423,neutro,0.7444,0.744392,0.156677,0.027953,0.070978
1767891981.9870677,neutro,0.7046,0.704625,0.196029,0.024284,0.075062
1767891983.6813447,neutro,0.7604,0.760379,0.205727,0.011548,0.022345
1767891985.4072773,neutro,0.7664,0.766366,0.166613,0.010644,0.056378
1767891987.1308866,neutro,0.7998,0.799817,0.121895,0.012915,0.065373
1767891988.8061304,neutro,0.6974,0.697395,0.086739,0.143061,0.072805
1767891990.4444766,neutro,0.6387,0.638669,0.056787,0.171078,0.133465
1767891992.3925998,neutro,0.5690,0.569002,0.028234,0.174874,0.227890
1767891993.85569,neutro,0.4935,0.493473,0.023335,0.288474,0.194718
1767891995.2756014,ira,0.4783,0.316474,0.021467,0.478302,0.183757
1767891996.6315322,ira,0.5337,0.270200,0.022441,0.533685,0.173674
1767891998.1252933,ira,0.6772,0.202508,0.011430,0.677208,0.108854
1767891999.4589162,ira,0.6820,0.197432,0.119044,0.681976,0.001548
1767892000.841464,ira,0.5690,0.274731,0.155852,0.569021,0.000397
1767892002.327478,ira,0.3767,0.359375,0.263510,0.376722,0.000394
1767892003.6936421,neutro,0.4220,0.422046,0.388019,0.189585,0.000351
1767892005.2568052,miedo,0.4948,0.491832,0.494783,0.013346,0.000039
1767892006.8845406,miedo,0.5682,0.428122,0.568161,0.003687,0.000031
1767892008.4733942,miedo,0.7216,0.277463,0.721644,0.000868,0.000026
1767892009.9972503,miedo,0.8120,0.187329,0.811974,0.000677,0.000020
1767892011.8568037,miedo,0.8809,0.118768,0.880904,0.000316,0.000012
1767892014.0152028,miedo,0.9705,0.029440,0.970485,0.000075,0.000000
1767892015.9013226,miedo,0.9863,0.013692,0.986290,0.000018,0.000000
1767892017.9993138,miedo,0.9895,0.010535,0.989451,0.000014,0.000000
1767892019.8272781,miedo,0.9898,0.010202,0.989786,0.000012,0.000000
1767892021.7262828,miedo,0.9914,0.008625,0.991365,0.000010,0.000000
1767892023.643055,miedo,0.9883,0.011721,0.988264,0.000015,0.000000
1767892025.6814575,miedo,0.9557,0.044152,0.955702,0.000145,0.000000
1767892028.4478197,miedo,0.8711,0.128118,0.871069,0.000811,0.000002
1767892030.9374018,miedo,0.8100,0.189036,0.810013,0.000947,0.000004
1767892033.1730583,miedo,0.7870,0.212004,0.787014,0.000977,0.000004
1767892035.2285986,miedo,0.7780,0.221006,0.778012,0.000977,0.000004
1767892037.463293,miedo,0.8083,0.190799,0.808348,0.000849,0.000004
1767892039.9752126,miedo,0.8289,0.170861,0.828873,0.000258,0.000007
1767892042.2539806,miedo,0.8886,0.111282,0.888585,0.000128,0.000005
1767892044.3911314,miedo,0.9152,0.084730,0.915171,0.000095,0.000004
1767892046.4940221,miedo,0.9285,0.071425,0.928482,0.000088,0.000004
1767892048.8153508,miedo,0.9313,0.068598,0.931313,0.000085,0.000004
1767892050.692831,miedo,0.9652,0.034615,0.965237,0.000080,0.000068
1767892052.6780758,miedo,0.8273,0.156735,0.827321,0.000721,0.015224
1767892054.6905596,miedo,0.6848,0.294048,0.684840,0.002131,0.018981
1767892056.4628735,miedo,0.5370,0.440613,0.536994,0.002950,0.019442
1767892058.2737138,neutro,0.5811,0.581131,0.392309,0.006658,0.019902
1767892060.2966104,neutro,0.6791,0.679056,0.294245,0.006591,0.020109
1767892062.3698401,neutro,0.5602,0.560183,0.428920,0.005945,0.004952
1767892064.6342351,miedo,0.5701,0.424174,0.570097,0.004533,0.001196
1767892066.7752964,miedo,0.7172,0.278334,0.717219,0.003713,0.000734
1767892068.6417873,miedo,0.8599,0.139840,0.859879,0.000006,0.000275
1767892070.768033,miedo,0.8689,0.131116,0.868878,0.000004,0.000003
1767892072.323493,miedo,0.8309,0.169122,0.830870,0.000005,0.000003
1767892073.7834203,miedo,0.8189,0.181100,0.818892,0.000005,0.000003
1767892075.200121,miedo,0.8047,0.195313,0.804677,0.000006,0.000004
1767892076.668968,miedo,0.8029,0.197059,0.802931,0.000006,0.000004
1767892078.3059566,miedo,0.9201,0.079857,0.920139,0.000003,0.000001
1767892079.8640633,miedo,0.9621,0.037936,0.962061,0.000002,0.000001
1767892081.1967065,miedo,0.9735,0.026488,0.973508,0.000002,0.000001
1767892082.7871366,miedo,0.9802,0.019801,0.980193,0.000006,0.000000
1767892084.1036718,miedo,0.9837,0.016333,0.983660,0.000007,0.000000
1767892085.3413236,miedo,0.9850,0.014964,0.985029,0.000008,0.000000
1767892086.6999888,miedo,0.9852,0.014781,0.985211,0.000008,0.000000
1767892088.137263,miedo,0.9836,0.016407,0.983586,0.000007,0.000000
1767892089.526658,miedo,0.9883,0.011689,0.988307,0.000003,0.000000
1767892091.1559389,miedo,0.9847,0.015258,0.984739,0.000003,0.000000
1767892092.5222664,miedo,0.9840,0.016038,0.983958,0.000004,0.000000
1767892093.8699822,miedo,0.9830,0.016993,0.983003,0.000004,0.000000
1767892095.163142,miedo,0.9846,0.015405,0.984591,0.000004,0.000000
1767892096.5241275,miedo,0.9870,0.013044,0.986953,0.000004,0.000000
1767892097.916347,miedo,0.9778,0.022221,0.977775,0.000004,0.000000
