timestamp,label,conf,p_neutro,p_miedo,p_ira,p_alegria
1767808435.844485,neutro,0.6967,0.696696,0.150601,0.023303,0.129400
1767808436.843136,neutro,0.7334,0.733431,0.103609,0.025241,0.137720
1767808437.8632643,neutro,0.7602,0.760219,0.095709,0.022765,0.121306
1767808438.8873937,neutro,0.7332,0.733195,0.190484,0.022180,0.054141
1767808439.926489,neutro,0.7839,0.783918,0.168636,0.018819,0.028627
1767808440.9598956,neutro,0.8240,0.824031,0.136261,0.020353,0.019354
1767808442.0051928,neutro,0.8688,0.868779,0.113461,0.014720,0.003040
1767808443.0368545,neutro,0.8004,0.800401,0.182447,0.014513,0.002639
1767808444.0526981,neutro,0.7268,0.726848,0.259046,0.011732,0.002373
1767808445.0853162,neutro,0.5581,0.558067,0.428471,0.011346,0.002116
1767808446.1184385,miedo,0.5825,0.414626,0.582479,0.001527,0.001367
1767808447.1605003,miedo,0.7646,0.233850,0.764645,0.001500,0.000005
1767808448.1689208,miedo,0.8749,0.123538,0.874865,0.001585,0.000012
1767808449.2031534,miedo,0.7172,0.102855,0.717193,0.178484,0.001467
1767808450.2530322,miedo,0.5475,0.091947,0.547461,0.358898,0.001694
1767808451.2749555,ira,0.4896,0.115037,0.393593,0.489587,0.001783
1767808452.3114543,ira,0.5717,0.200783,0.225499,0.571700,0.002018
1767808453.3503065,ira,0.5937,0.249797,0.154493,0.593680,0.002031
1767808454.3921602,ira,0.4231,0.272196,0.304086,0.423134,0.000584
1767808455.4333308,miedo,0.4772,0.275666,0.477204,0.246748,0.000381
1767808456.43408,miedo,0.5194,0.345424,0.519420,0.134737,0.000418
1767808457.4502661,miedo,0.5117,0.431083,0.511723,0.056779,0.000414
1767808458.476617,neutro,0.5065,0.506458,0.426048,0.066221,0.001273
1767808459.517467,neutro,0.6195,0.619487,0.281852,0.096536,0.002126
1767808460.541057,neutro,0.7308,0.730776,0.166755,0.100291,0.002178
1767808461.5681236,neutro,0.7791,0.779076,0.128495,0.081237,0.011192
1767808462.5602233,neutro,0.6079,0.607903,0.305037,0.076096,0.010965
1767808463.5546515,neutro,0.4797,0.479659,0.465659,0.044594,0.010087
1767808464.5812774,miedo,0.6261,0.356736,0.626058,0.007934,0.009272
1767808465.5992808,miedo,0.6299,0.344909,0.629918,0.013559,0.011614
1767808466.6269107,miedo,0.6357,0.347200,0.635671,0.013444,0.003685
1767808467.629792,miedo,0.4925,0.490399,0.492458,0.013442,0.003701
1767808468.6326551,neutro,0.4957,0.495658,0.487209,0.013431,0.003701
1767808469.6457222,miedo,0.4916,0.491309,0.491618,0.013418,0.003655
1767808470.6450381,miedo,0.6132,0.385595,0.613162,0.000006,0.001237
1767808471.652094,miedo,0.7889,0.211114,0.788858,0.000002,0.000026
1767808472.680342,miedo,0.9434,0.056622,0.943376,0.000002,0.000000
1767808473.6627164,miedo,0.9396,0.060387,0.939612,0.000001,0.000000
1767808474.694855,miedo,0.9245,0.075473,0.924525,0.000002,0.000000
1767808475.7400746,miedo,0.9107,0.089259,0.910739,0.000002,0.000000
1767808476.751817,miedo,0.8677,0.132308,0.867688,0.000003,0.000001
1767808477.7775385,miedo,0.7381,0.261874,0.738117,0.000006,0.000003
1767808478.8050969,miedo,0.7043,0.295700,0.704277,0.000009,0.000014
1767808479.8130667,miedo,0.7107,0.289315,0.710661,0.000010,0.000014
1767808480.8272116,miedo,0.7359,0.264087,0.735889,0.000009,0.000014
1767808481.805998,miedo,0.7890,0.210943,0.789034,0.000009,0.000014
1767808482.785028,miedo,0.8879,0.112050,0.887886,0.000052,0.000011
1767808483.8045213,miedo,0.9225,0.077419,0.922521,0.000058,0.000001
1767808484.8136005,miedo,0.9430,0.056909,0.943032,0.000058,0.000001
1767808485.812243,miedo,0.9474,0.052492,0.947449,0.000058,0.000001
1767808486.8383572,miedo,0.9254,0.074509,0.925417,0.000058,0.000015
1767808487.8682444,miedo,0.9512,0.048736,0.951232,0.000012,0.000020
1767808488.8888085,miedo,0.9596,0.040391,0.959586,0.000003,0.000019
1767808489.883771,miedo,0.9497,0.050249,0.949714,0.000018,0.000020
1767808490.8811045,miedo,0.9479,0.052049,0.947889,0.000024,0.000037
1767808491.9079432,miedo,0.9450,0.054756,0.944970,0.000246,0.000028
1767808492.9055562,miedo,0.9483,0.051465,0.948264,0.000248,0.000023
1767808493.9346802,miedo,0.9443,0.055448,0.944279,0.000250,0.000024
1767808494.9339583,miedo,0.9545,0.045258,0.954480,0.000239,0.000023
1767808495.9718127,miedo,0.9260,0.073434,0.925957,0.000243,0.000366
1767808497.0133493,miedo,0.8564,0.141985,0.856429,0.000337,0.001249
1767808498.0326533,miedo,0.6947,0.222523,0.694727,0.006585,0.076165
1767808499.0299356,miedo,0.6510,0.253738,0.651045,0.016558,0.078660
1767808500.0715823,miedo,0.4537,0.311443,0.453651,0.071849,0.163056
1767808501.065556,neutro,0.4632,0.463172,0.302123,0.071874,0.162832
1767808502.0759172,neutro,0.3959,0.395930,0.370556,0.071571,0.161942
1767808503.090312,miedo,0.5354,0.312292,0.535360,0.065321,0.087027
1767808504.133183,neutro,0.4524,0.452411,0.407692,0.055354,0.084543
1767808505.148231,neutro,0.5686,0.568606,0.431165,0.000077,0.000152
1767808506.1448815,neutro,0.5514,0.551409,0.447969,0.000509,0.000113
1767808507.181318,neutro,0.6759,0.675937,0.286651,0.008858,0.028554
1767808508.2243323,neutro,0.8119,0.811896,0.131170,0.011438,0.045497
1767808509.1793206,neutro,0.6822,0.682177,0.228118,0.030438,0.059266
1767808510.2035406,neutro,0.6390,0.639009,0.208171,0.080258,0.072562
1767808511.2333512,neutro,0.5707,0.570679,0.182833,0.170423,0.076065
1767808512.239712,neutro,0.4467,0.446720,0.176184,0.316294,0.060802
1767808513.2455642,neutro,0.3345,0.334467,0.135075,0.317268,0.213191
1767808514.2534087,neutro,0.3596,0.359579,0.019451,0.299534,0.321437
1767808515.2887466,alegria,0.3270,0.293229,0.127907,0.251898,0.326966
1767808516.3116224,alegria,0.4086,0.269642,0.145066,0.176651,0.408641
1767808517.3437989,alegria,0.5769,0.249028,0.144770,0.029315,0.576887
1767808518.3602998,alegria,0.4225,0.400237,0.151032,0.026189,0.422541
1767808519.3770134,neutro,0.4842,0.484177,0.190356,0.024946,0.300521
1767808520.402948,neutro,0.6028,0.602795,0.092732,0.022775,0.281697
1767808521.4110389,neutro,0.5344,0.534353,0.066731,0.007498,0.391418
1767808522.4354153,neutro,0.6933,0.693303,0.095651,0.001001,0.210045
1767808523.4621847,neutro,0.5962,0.596171,0.208193,0.000576,0.195059
1767808524.482393,neutro,0.5646,0.564622,0.239690,0.000591,0.195098
1767808525.516757,miedo,0.4091,0.394979,0.409103,0.000567,0.195351
1767808526.528259,miedo,0.6077,0.391523,0.607661,0.000460,0.000356
1767808527.5553927,miedo,0.7577,0.240506,0.757715,0.001415,0.000364
1767808528.575899,miedo,0.6571,0.316812,0.657077,0.025615,0.000496
1767808529.6018074,miedo,0.5836,0.357791,0.583554,0.058189,0.000466
1767808530.6236172,neutro,0.5285,0.528526,0.399514,0.071450,0.000510
1767808531.6514482,neutro,0.6502,0.650206,0.237578,0.093421,0.018796
1767808532.6994338,neutro,0.6636,0.663589,0.130665,0.121256,0.084490
1767808533.706656,neutro,0.5155,0.515548,0.232552,0.165030,0.086871
1767808534.708382,neutro,0.3563,0.356316,0.238254,0.309233,0.096198
1767808535.7179196,miedo,0.3741,0.175040,0.374120,0.350248,0.100592
1767808536.7595255,miedo,0.4618,0.058510,0.461796,0.394266,0.085428
1767808537.773616,ira,0.4411,0.106452,0.432423,0.441087,0.020038
1767808538.79787,ira,0.3814,0.282060,0.318787,0.381408,0.017745
1767808539.7880473,neutro,0.3744,0.374400,0.338595,0.278115,0.008889
1767808540.7997413,neutro,0.4330,0.433020,0.216002,0.343925,0.007052
1767808541.8105226,neutro,0.4692,0.469207,0.108491,0.397583,0.024719
1767808542.8173373,neutro,0.4188,0.418821,0.230559,0.325708,0.024913
1767808543.8532507,miedo,0.3796,0.272314,0.379558,0.320511,0.027616
1767808544.7216222,miedo,0.3931,0.195855,0.393059,0.382535,0.028551
1767808545.5277793,miedo,0.4898,0.214587,0.489817,0.269878,0.025717
1767808546.3433006,miedo,0.5845,0.252883,0.584494,0.157667,0.004955
1767808547.1636288,miedo,0.5300,0.304619,0.529985,0.160969,0.004427
1767808548.1191552,miedo,0.4319,0.408638,0.431878,0.157979,0.001505
1767808549.1284773,neutro,0.5584,0.558407,0.419082,0.022428,0.000083
1767808550.1563706,neutro,0.6358,0.635814,0.349134,0.014996,0.000056
1767808551.1847541,neutro,0.7501,0.750082,0.238915,0.010929,0.000074
1767808552.2075958,neutro,0.8096,0.809629,0.127303,0.050935,0.012134
1767808553.212368,neutro,0.8033,0.803284,0.069885,0.087599,0.039232
1767808554.2287989,neutro,0.7795,0.779525,0.043242,0.090761,0.086472
1767808555.224464,neutro,0.7219,0.721932,0.037468,0.095555,0.145045
1767808556.2048686,neutro,0.6810,0.680997,0.079455,0.093530,0.146018
1767808557.202927,neutro,0.7028,0.702829,0.109872,0.051867,0.135432
1767808558.2260282,neutro,0.7389,0.738937,0.131730,0.019783,0.109550
1767808559.2508278,neutro,0.7715,0.771517,0.145091,0.019974,0.063419
1767808560.232751,neutro,0.8258,0.825819,0.134524,0.020841,0.018816
1767808561.2707882,neutro,0.7854,0.785424,0.160937,0.026423,0.027216
1767808562.2619562,neutro,0.7344,0.734375,0.214231,0.025064,0.026330
1767808563.2873983,neutro,0.6910,0.691037,0.255084,0.028584,0.025295
1767808564.2836392,neutro,0.6575,0.657469,0.285320,0.032660,0.024550
1767808565.3092926,neutro,0.6736,0.673578,0.268463,0.041095,0.016864
1767808566.3160977,neutro,0.7359,0.735892,0.209983,0.042674,0.011452
1767808567.3143806,neutro,0.7935,0.793501,0.151727,0.043369,0.011403
1767808568.277451,neutro,0.7787,0.778666,0.173058,0.036493,0.011784
1767808569.262639,neutro,0.7298,0.729781,0.228545,0.029946,0.011728
1767808570.2723782,neutro,0.6549,0.654904,0.322153,0.017303,0.005640
1767808571.2689884,neutro,0.6561,0.656132,0.332549,0.009638,0.001681
1767808572.307305,neutro,0.6147,0.614676,0.307803,0.048391,0.029130
1767808573.3050122,neutro,0.6432,0.643181,0.246337,0.077545,0.032937
1767808574.3059247,neutro,0.6460,0.646039,0.176367,0.143518,0.034076
1767808575.3021872,neutro,0.6790,0.679017,0.128509,0.157017,0.035457
1767808576.3139803,neutro,0.5949,0.594858,0.131745,0.236840,0.036557
1767808577.3076172,neutro,0.6213,0.621332,0.141355,0.222695,0.014618
1767808578.322257,neutro,0.6146,0.614648,0.136767,0.235238,0.013346
1767808579.3358755,neutro,0.6612,0.661156,0.158331,0.168515,0.011997
1767808580.3445153,neutro,0.6008,0.600773,0.235243,0.153562,0.010422
1767808581.3726614,neutro,0.5220,0.522005,0.395822,0.072898,0.009275
1767808582.3688087,miedo,0.5683,0.385283,0.568343,0.043177,0.003197
1767808583.400965,miedo,0.7296,0.270191,0.729567,0.000143,0.000100
1767808584.397629,miedo,0.8201,0.179836,0.820144,0.000012,0.000008
1767808585.3663747,miedo,0.8866,0.113351,0.886624,0.000013,0.000012
1767808586.3654387,miedo,0.9001,0.099821,0.900140,0.000027,0.000012
1767808587.4039283,miedo,0.9162,0.083772,0.916185,0.000031,0.000012
1767808588.4190397,miedo,0.9361,0.063827,0.936128,0.000033,0.000012
1767808589.4599285,miedo,0.9939,0.006063,0.993900,0.000033,0.000005
1767808590.480362,miedo,0.9955,0.004422,0.995547,0.000032,0.000000
1767808591.4874556,miedo,0.9958,0.004159,0.995822,0.000020,0.000000
1767808592.5283017,miedo,0.9964,0.003601,0.996382,0.000018,0.000000
1767808593.506795,miedo,0.9968,0.003202,0.996782,0.000016,0.000000
1767808594.5358648,miedo,0.9971,0.002882,0.997104,0.000014,0.000000
1767808595.576459,miedo,0.9976,0.002369,0.997620,0.000011,0.000000
1767808596.5891812,miedo,0.9970,0.003012,0.996979,0.000009,0.000000
1767808597.615158,miedo,0.9112,0.088696,0.911242,0.000050,0.000013
1767808598.6558,miedo,0.7686,0.231168,0.768627,0.000189,0.000016
1767808599.6824412,miedo,0.6788,0.318313,0.678815,0.002786,0.000086
1767808600.7202327,miedo,0.4907,0.485133,0.490743,0.023795,0.000328
1767808601.7306743,neutro,0.6219,0.621888,0.316870,0.060234,0.001008
1767808602.7420805,neutro,0.5365,0.536455,0.402328,0.060221,0.000996
1767808603.772814,miedo,0.5446,0.394352,0.544569,0.060086,0.000992
1767808604.783347,miedo,0.6339,0.307603,0.633916,0.057558,0.000923
1767808605.8266711,miedo,0.8221,0.140642,0.822128,0.036550,0.000681
1767808606.8375087,miedo,0.9972,0.002660,0.997225,0.000114,0.000001
1767808607.860258,miedo,0.9957,0.003234,0.995661,0.001100,0.000004
1767808608.9066272,miedo,0.9961,0.002637,0.996117,0.001241,0.000005
1767808609.9161284,miedo,0.9960,0.002707,0.996045,0.001243,0.000005
1767808610.931156,miedo,0.9856,0.013112,0.985641,0.001242,0.000005
1767808611.9429843,miedo,0.9825,0.016246,0.982510,0.001239,0.000005
1767808612.9088738,miedo,0.9846,0.015162,0.984607,0.000229,0.000002
1767808613.9226668,miedo,0.9523,0.037463,0.952296,0.004799,0.005441
1767808614.9326363,miedo,0.7796,0.197485,0.779648,0.014013,0.008854
1767808615.9484026,miedo,0.5994,0.323715,0.599364,0.058698,0.018224
1767808616.9430513,miedo,0.4703,0.358883,0.470341,0.060463,0.110313
1767808617.9605184,neutro,0.4418,0.441772,0.296476,0.067488,0.194263
1767808618.9653986,neutro,0.5506,0.550644,0.161214,0.065507,0.222635
1767808619.942862,neutro,0.5469,0.546907,0.168317,0.057126,0.227649
1767808620.9412024,neutro,0.5941,0.594057,0.163148,0.012461,0.230334
1767808621.9826944,neutro,0.6581,0.658087,0.192724,0.010698,0.138491
1767808622.9815452,neutro,0.6961,0.696139,0.245506,0.003769,0.054585
1767808624.0062647,neutro,0.6369,0.636934,0.341246,0.001042,0.020778
1767808625.0363152,miedo,0.5055,0.482032,0.505480,0.000137,0.012351
1767808626.079364,miedo,0.6826,0.317012,0.682575,0.000116,0.000297
1767808627.0529583,miedo,0.7776,0.222270,0.777567,0.000113,0.000050
1767808627.895344,miedo,0.8960,0.103955,0.896029,0.000010,0.000006
1767808628.909069,miedo,0.8418,0.149581,0.841761,0.000331,0.008327
1767808629.957568,miedo,0.6451,0.343230,0.645102,0.000401,0.011266
1767808631.0007753,neutro,0.5140,0.514036,0.473641,0.000457,0.011865
1767808632.0097034,neutro,0.6787,0.678672,0.300624,0.001187,0.019517
1767808633.055916,neutro,0.8281,0.828081,0.139155,0.002330,0.030434
1767808634.0943513,neutro,0.8755,0.875459,0.080324,0.002950,0.041267
1767808635.1145644,neutro,0.8535,0.853497,0.084535,0.004762,0.057207
1767808636.1264215,neutro,0.8285,0.828537,0.093355,0.006617,0.071492
1767808637.1479087,neutro,0.7824,0.782405,0.138647,0.008301,0.070647
1767808638.172177,neutro,0.7709,0.770940,0.148849,0.009982,0.070229
1767808639.1936505,neutro,0.7757,0.775724,0.142627,0.010566,0.071083
1767808640.1610215,neutro,0.7899,0.789926,0.147342,0.009352,0.053380
1767808641.1810756,neutro,0.8067,0.806712,0.139277,0.008496,0.045515
1767808642.1962926,neutro,0.8608,0.860795,0.084722,0.009662,0.044820
1767808643.218598,neutro,0.9026,0.902603,0.053226,0.008804,0.035367
1767808644.2319744,neutro,0.9096,0.909642,0.061592,0.010211,0.018555
1767808645.2594078,neutro,0.9095,0.909549,0.059207,0.013220,0.018024
1767808646.2920516,neutro,0.8944,0.894421,0.063100,0.029804,0.012675
1767808647.3258054,neutro,0.8751,0.875094,0.057511,0.060436,0.006960
1767808648.3615108,neutro,0.8873,0.887341,0.046413,0.060187,0.006059
1767808649.367797,neutro,0.7326,0.732611,0.031653,0.232550,0.003186
1767808650.3802493,neutro,0.6042,0.604207,0.026433,0.366494,0.002866
1767808651.3952296,ira,0.5166,0.464281,0.017353,0.516615,0.001751
1767808652.3785222,ira,0.6100,0.357109,0.030976,0.609999,0.001915
1767808653.3873384,ira,0.7622,0.195299,0.038536,0.762204,0.003961
1767808654.4025073,ira,0.7226,0.230424,0.042388,0.722564,0.004624
1767808655.4325056,ira,0.6048,0.342539,0.040631,0.604806,0.012024
1767808656.4719183,neutro,0.4989,0.498928,0.035449,0.444311,0.021312
1767808657.4995513,neutro,0.6283,0.628293,0.027409,0.322650,0.021648
1767808658.5270214,neutro,0.7700,0.769971,0.017181,0.193210,0.019638
1767808659.5580657,neutro,0.7268,0.726788,0.011263,0.243193,0.018756
1767808660.5187805,neutro,0.6353,0.635338,0.010898,0.342705,0.011059
1767808661.562883,neutro,0.5436,0.543560,0.010886,0.444308,0.001247
1767808662.5861888,neutro,0.5045,0.504522,0.000955,0.494156,0.000366
1767808663.599712,neutro,0.5084,0.508433,0.000463,0.490913,0.000191
1767808664.6118786,neutro,0.6624,0.662354,0.000471,0.337085,0.000089
1767808665.6377368,neutro,0.7453,0.745333,0.000269,0.254330,0.000068
1767808666.6771014,neutro,0.8197,0.819747,0.000242,0.179964,0.000047
1767808667.7002437,neutro,0.8395,0.839543,0.000200,0.160142,0.000115
1767808668.7194252,neutro,0.8334,0.833387,0.000165,0.166126,0.000322
1767808669.7213287,neutro,0.8440,0.843970,0.000142,0.155407,0.000481
1767808670.7476559,neutro,0.8624,0.862359,0.000160,0.136963,0.000517
1767808671.7557983,neutro,0.8790,0.879017,0.000180,0.120254,0.000548
1767808672.7706232,neutro,0.8943,0.894253,0.000164,0.105114,0.000469
1767808673.797968,neutro,0.9060,0.905993,0.000211,0.093537,0.000259
1767808675.3013396,neutro,0.9129,0.912910,0.000300,0.086681,0.000108
1767808676.292932,neutro,0.9195,0.919512,0.000344,0.080077,0.000068
1767808677.33175,neutro,0.9270,0.926977,0.000376,0.072620,0.000027
1767808678.3294146,neutro,0.9342,0.934162,0.000484,0.065327,0.000027
1767808679.3383646,neutro,0.9348,0.934768,0.000496,0.064714,0.000023
1767808680.3177736,neutro,0.8463,0.846304,0.000444,0.153232,0.000019
1767808681.3434496,neutro,0.7466,0.746615,0.000612,0.252430,0.000344
1767808682.3529744,neutro,0.7031,0.703145,0.044079,0.251053,0.001724
1767808683.3653553,neutro,0.5221,0.522064,0.238680,0.237536,0.001720
1767808684.3749928,miedo,0.4170,0.358758,0.417013,0.222511,0.001718
1767808685.396651,miedo,0.6148,0.263772,0.614763,0.119758,0.001707
1767808686.4102774,miedo,0.8009,0.188577,0.800907,0.009133,0.001383
1767808687.3927705,miedo,0.9255,0.074345,0.925475,0.000178,0.000002
1767808688.4365232,miedo,0.8986,0.101240,0.898586,0.000172,0.000002
1767808689.4327657,miedo,0.8693,0.130465,0.869299,0.000230,0.000005
1767808690.4458323,miedo,0.6777,0.317552,0.677721,0.004721,0.000006
1767808691.4530685,miedo,0.4914,0.447385,0.491441,0.060980,0.000194
1767808692.4801676,neutro,0.5457,0.545701,0.323345,0.129898,0.001056
1767808693.475679,neutro,0.7050,0.704984,0.155508,0.137845,0.001663
1767808694.4808242,neutro,0.8384,0.838425,0.006397,0.150949,0.004230
1767808695.507291,neutro,0.7879,0.787878,0.000434,0.205316,0.006372
1767808696.548359,neutro,0.7762,0.776229,0.001888,0.215093,0.006790
1767808697.6054852,neutro,0.6626,0.662558,0.001953,0.329444,0.006045
1767808698.6109588,neutro,0.5052,0.505220,0.001983,0.487295,0.005502
1767808699.6258132,neutro,0.5092,0.509247,0.002017,0.485731,0.003006
1767808700.6647182,neutro,0.5638,0.563841,0.001794,0.433469,0.000896
1767808701.707098,neutro,0.5708,0.570772,0.000263,0.426681,0.002284
1767808702.746623,neutro,0.6617,0.661662,0.000371,0.334816,0.003151
1767808703.7876058,neutro,0.8218,0.821810,0.000740,0.174311,0.003138
1767808704.8707085,neutro,0.8156,0.815600,0.000755,0.180506,0.003139
1767808705.9170482,neutro,0.7735,0.773498,0.001347,0.221679,0.003475
1767808706.942143,neutro,0.7474,0.747449,0.001321,0.249021,0.002208
1767808707.9878066,neutro,0.7395,0.739469,0.001220,0.254731,0.004580
1767808709.018319,neutro,0.6585,0.658468,0.000799,0.335917,0.004816
1767808710.0517356,neutro,0.6163,0.616268,0.000741,0.378162,0.004829
1767808711.1059601,neutro,0.6041,0.604097,0.000383,0.385115,0.010404
1767808712.1648793,neutro,0.5231,0.523125,0.000909,0.351757,0.124209
1767808713.2208066,neutro,0.4380,0.438005,0.145798,0.295231,0.120965
1767808714.264032,neutro,0.3572,0.357249,0.253180,0.268831,0.120739
1767808715.3057282,neutro,0.3655,0.365514,0.255170,0.258617,0.120699
1767808716.3534665,neutro,0.3741,0.374109,0.254994,0.255866,0.115031
1767808717.3844695,neutro,0.4668,0.466789,0.254775,0.277181,0.001256
1767808718.419733,neutro,0.6398,0.639761,0.109829,0.247353,0.003057
1767808719.4507182,neutro,0.8056,0.805574,0.002503,0.187810,0.004113
1767808720.4833813,neutro,0.8567,0.856669,0.000510,0.138719,0.004103
1767808721.5213826,neutro,0.9052,0.905174,0.000424,0.088967,0.005435
1767808722.5887773,neutro,0.9247,0.924704,0.000159,0.015978,0.059158
1767808723.5911636,neutro,0.7840,0.783997,0.000219,0.006306,0.209479
