timestamp,label,conf,p_neutro,p_miedo,p_ira,p_alegria
1766083994.7287295,miedo,0.9934,0.006640,0.993356,0.000001,0.000003
1766083995.7739465,miedo,0.9913,0.008647,0.991348,0.000001,0.000004
1766083996.7909627,miedo,0.9850,0.014999,0.984990,0.000002,0.000009
1766083997.841126,miedo,0.9839,0.016136,0.983852,0.000002,0.000010
1766083998.8927228,miedo,0.9846,0.015377,0.984612,0.000001,0.000010
1766083999.9141784,miedo,0.9849,0.015046,0.984944,0.000001,0.000009
1766084000.958685,miedo,0.9774,0.022609,0.977383,0.000001,0.000007
1766084001.9970653,miedo,0.9570,0.042971,0.957026,0.000001,0.000002
1766084003.0455918,miedo,0.9537,0.046254,0.953743,0.000001,0.000001
1766084004.0772593,miedo,0.9417,0.058289,0.941708,0.000001,0.000001
1766084005.0981126,miedo,0.9368,0.063208,0.936789,0.000002,0.000001
1766084006.132435,miedo,0.9402,0.059791,0.940205,0.000004,0.000001
1766084007.181622,miedo,0.9417,0.058263,0.941723,0.000013,0.000000
1766084008.2158778,miedo,0.9232,0.076796,0.923162,0.000041,0.000001
1766084009.2461722,miedo,0.9350,0.064911,0.935043,0.000046,0.000001
1766084010.2785077,miedo,0.9413,0.058618,0.941334,0.000047,0.000001
1766084011.3256931,miedo,0.9489,0.051024,0.948928,0.000047,0.000001
1766084012.3740718,miedo,0.9750,0.024922,0.975038,0.000040,0.000001
1766084013.4176674,miedo,0.9982,0.001818,0.998163,0.000018,0.000000
1766084014.4465282,miedo,0.9976,0.002402,0.997574,0.000024,0.000000
1766084015.4905238,miedo,0.9954,0.004598,0.995370,0.000032,0.000000
1766084016.5393565,miedo,0.9919,0.008094,0.991867,0.000038,0.000000
1766084017.5781555,miedo,0.9882,0.011719,0.988232,0.000049,0.000000
1766084018.6259735,miedo,0.9859,0.014050,0.985893,0.000056,0.000000
1766084019.6705506,miedo,0.9852,0.014779,0.985164,0.000058,0.000000
1766084020.7064507,miedo,0.9851,0.014883,0.985056,0.000061,0.000000
1766084021.7550411,miedo,0.9847,0.015243,0.984683,0.000074,0.000000
1766084022.8056583,miedo,0.9860,0.013961,0.985966,0.000073,0.000000
1766084023.8540058,miedo,0.9876,0.012376,0.987559,0.000065,0.000000
1766084024.89006,miedo,0.9882,0.011741,0.988200,0.000059,0.000000
1766084025.9250681,miedo,0.9837,0.016243,0.983708,0.000049,0.000000
1766084027.007363,miedo,0.9352,0.064763,0.935187,0.000049,0.000001
1766084028.0698688,miedo,0.8817,0.118192,0.881745,0.000059,0.000004
1766084029.1035013,miedo,0.8762,0.123716,0.876224,0.000056,0.000004
1766084030.150945,miedo,0.8686,0.131376,0.868561,0.000060,0.000004
1766084031.2004275,miedo,0.8273,0.172593,0.827256,0.000145,0.000006
1766084032.2521265,miedo,0.8371,0.162750,0.837106,0.000138,0.000007
1766084033.2960289,miedo,0.8866,0.113302,0.886577,0.000118,0.000003
1766084034.328804,miedo,0.8911,0.108744,0.891135,0.000117,0.000003
1766084035.374191,miedo,0.8986,0.101313,0.898574,0.000109,0.000003
1766084036.4227855,miedo,0.9452,0.054766,0.945212,0.000021,0.000001
1766084037.470391,miedo,0.9860,0.014000,0.985993,0.000007,0.000000
1766084038.4979448,miedo,0.9827,0.017268,0.982727,0.000005,0.000000
1766084039.5461018,miedo,0.9470,0.053028,0.946966,0.000006,0.000000
1766084040.581552,miedo,0.9188,0.081180,0.918809,0.000011,0.000000
1766084041.625996,miedo,0.7979,0.201587,0.797856,0.000555,0.000002
1766084042.6791651,miedo,0.6013,0.389338,0.601288,0.008926,0.000447
1766084043.7275958,neutro,0.4256,0.425619,0.411286,0.116916,0.046179
1766084044.7590046,neutro,0.4353,0.435270,0.249719,0.225487,0.089523
1766084045.7708142,neutro,0.4468,0.446824,0.079619,0.365413,0.108144
1766084046.7759097,neutro,0.5093,0.509298,0.002203,0.378309,0.110190
1766084047.793155,neutro,0.5178,0.517754,0.000650,0.370595,0.111001
1766084048.846418,neutro,0.6643,0.664268,0.001190,0.268039,0.066502
1766084049.8905637,neutro,0.6973,0.697315,0.071288,0.164497,0.066900
1766084050.939512,neutro,0.8252,0.825178,0.076244,0.024968,0.073610
1766084051.918945,neutro,0.8287,0.828674,0.076309,0.012253,0.082764
1766084052.967641,neutro,0.8294,0.829450,0.076286,0.011647,0.082617
1766084053.9871116,neutro,0.8333,0.833285,0.075648,0.007756,0.083310
1766084055.0337305,neutro,0.9505,0.950524,0.005398,0.003467,0.040611
1766084056.0773237,neutro,0.8864,0.886417,0.004909,0.006273,0.102401
1766084057.1230733,neutro,0.7721,0.772059,0.021881,0.007553,0.198507
1766084058.170583,neutro,0.7078,0.707831,0.066149,0.009146,0.216873
1766084059.2012599,neutro,0.6996,0.699587,0.070687,0.008726,0.221001
1766084060.24773,neutro,0.6978,0.697799,0.071031,0.011113,0.220057
1766084061.2793605,neutro,0.7890,0.789013,0.066515,0.011397,0.133075
1766084062.2976081,neutro,0.9148,0.914758,0.049384,0.010080,0.025778
1766084063.3442466,neutro,0.9800,0.979990,0.005088,0.008603,0.006318
1766084064.3746452,neutro,0.9869,0.986922,0.000855,0.011605,0.000618
1766084065.422823,neutro,0.9789,0.978924,0.000911,0.019000,0.001164
1766084066.4302464,neutro,0.9531,0.953079,0.002545,0.027880,0.016496
1766084067.4722137,neutro,0.9242,0.924231,0.002546,0.056606,0.016618
1766084068.5192373,neutro,0.8766,0.876590,0.002542,0.103988,0.016880
1766084069.5516288,neutro,0.8270,0.827040,0.002113,0.154262,0.016585
1766084070.5822122,neutro,0.7657,0.765699,0.001638,0.216358,0.016305
1766084071.615272,neutro,0.7479,0.747862,0.000002,0.251031,0.001105
1766084072.6695333,neutro,0.6259,0.625883,0.000004,0.371994,0.002119
1766084073.7054164,neutro,0.6081,0.608136,0.064067,0.325925,0.001872
1766084074.7505488,neutro,0.6036,0.603570,0.122159,0.272454,0.001816
1766084075.7692728,neutro,0.6582,0.658209,0.136291,0.204039,0.001461
1766084076.8135312,neutro,0.6846,0.684591,0.140351,0.173820,0.001237
1766084077.8627136,neutro,0.8200,0.819956,0.153574,0.026339,0.000132
1766084078.9091728,neutro,0.7803,0.780315,0.094037,0.125395,0.000253
1766084079.9538708,neutro,0.7187,0.718721,0.036062,0.244958,0.000259
1766084080.9866693,neutro,0.5512,0.551168,0.028090,0.420474,0.000268
1766084082.0334082,ira,0.5947,0.380665,0.024383,0.594701,0.000251
1766084083.054559,ira,0.7790,0.209207,0.011503,0.779031,0.000260
1766084084.088843,ira,0.8642,0.128716,0.007006,0.864153,0.000124
1766084085.1105855,ira,0.9419,0.051092,0.006912,0.941875,0.000121
1766084086.1548867,ira,0.9534,0.045626,0.000835,0.953368,0.000171
1766084087.1996038,ira,0.9581,0.041149,0.000558,0.958101,0.000192
1766084088.2282052,ira,0.9353,0.064243,0.000270,0.935333,0.000154
1766084089.2573009,ira,0.9420,0.057424,0.000354,0.942034,0.000188
1766084090.3094459,ira,0.9326,0.066410,0.000651,0.932644,0.000296
1766084091.3391423,ira,0.9356,0.063498,0.000608,0.935636,0.000258
1766084092.3879628,ira,0.9350,0.064099,0.000662,0.935000,0.000239
1766084093.4159002,ira,0.9157,0.083389,0.000677,0.915689,0.000245
1766084094.4666421,ira,0.8674,0.131798,0.000633,0.867358,0.000212
1766084095.518096,ira,0.8715,0.127871,0.000403,0.871547,0.000179
1766084096.5664809,ira,0.8730,0.126416,0.000414,0.872969,0.000201
1766084097.5688558,ira,0.8727,0.126694,0.000346,0.872725,0.000235
1766084098.6154137,ira,0.9217,0.077615,0.000422,0.921714,0.000248
1766084099.6461995,ira,0.9542,0.044830,0.000612,0.954194,0.000364
1766084100.6686156,ira,0.7633,0.233146,0.000550,0.763307,0.002997
1766084101.7183547,ira,0.5679,0.427969,0.000505,0.567913,0.003613
1766084102.7563744,neutro,0.6186,0.618608,0.000511,0.376763,0.004118
1766084103.787282,neutro,0.6758,0.675829,0.000884,0.184261,0.139026
1766084104.8346076,neutro,0.7361,0.736118,0.003162,0.010361,0.250359
1766084105.8638754,neutro,0.6942,0.694241,0.021645,0.014642,0.269471
1766084106.8793988,neutro,0.6802,0.680247,0.023282,0.015705,0.280766
1766084107.9114861,neutro,0.5773,0.577331,0.024809,0.013294,0.384567
1766084108.955765,neutro,0.6191,0.619089,0.027283,0.013365,0.340263
1766084109.986301,neutro,0.7179,0.717873,0.028669,0.012180,0.241279
1766084111.0326092,neutro,0.7485,0.748511,0.014171,0.007700,0.229619
1766084112.039968,neutro,0.7502,0.750189,0.014950,0.007677,0.227184
1766084113.0864732,neutro,0.8366,0.836582,0.024428,0.010225,0.128765
1766084114.1505306,neutro,0.8861,0.886080,0.023508,0.016410,0.074002
1766084115.1949816,neutro,0.8598,0.859800,0.019943,0.016284,0.103973
1766084116.239217,neutro,0.8430,0.843043,0.017128,0.015079,0.124750
1766084117.3024106,neutro,0.7261,0.726136,0.018637,0.014239,0.240988
1766084118.3452666,neutro,0.6488,0.648797,0.092930,0.011039,0.247234
1766084119.3590076,neutro,0.6142,0.614232,0.122839,0.041298,0.221631
1766084120.407813,neutro,0.5683,0.568268,0.126696,0.125236,0.179800
1766084121.4533677,neutro,0.5583,0.558285,0.129227,0.161237,0.151251
1766084122.4981284,neutro,0.6441,0.644086,0.126898,0.165784,0.063232
1766084123.527154,neutro,0.6998,0.699776,0.047242,0.166704,0.086278
1766084124.5557957,neutro,0.6996,0.699583,0.091713,0.128646,0.080058
1766084125.5873015,neutro,0.5918,0.591838,0.285315,0.043411,0.079436
1766084126.6234984,miedo,0.4794,0.436896,0.479373,0.006687,0.077044
1766084127.6716971,miedo,0.6015,0.357486,0.601509,0.001706,0.039298
1766084128.7086935,miedo,0.7933,0.202515,0.793335,0.000095,0.004055
1766084129.7514784,miedo,0.9157,0.084254,0.915739,0.000002,0.000006
1766084130.7980204,miedo,0.9126,0.087385,0.912608,0.000002,0.000005
1766084131.8464265,miedo,0.8696,0.130087,0.869604,0.000008,0.000301
1766084132.8772428,miedo,0.8877,0.111751,0.887667,0.000099,0.000483
1766084133.9206886,miedo,0.8567,0.141899,0.856653,0.000279,0.001169
1766084134.9666414,miedo,0.7416,0.256980,0.741554,0.000282,0.001184
1766084135.984331,miedo,0.7444,0.254136,0.744399,0.000282,0.001184
1766084137.0300362,miedo,0.7874,0.211467,0.787369,0.000275,0.000888
1766084138.0569196,miedo,0.8436,0.155553,0.843561,0.000184,0.000702
1766084139.0938709,miedo,0.8719,0.128032,0.871949,0.000004,0.000015
1766084140.1385806,miedo,0.8393,0.102441,0.839280,0.000082,0.058197
1766084141.1566305,miedo,0.6632,0.115812,0.663245,0.001925,0.219019
1766084142.2012038,miedo,0.5035,0.150176,0.503466,0.002352,0.344005
1766084143.2452955,alegria,0.3736,0.312390,0.311499,0.002541,0.373569
1766084144.2907703,alegria,0.3736,0.318871,0.304998,0.002546,0.373585
1766084145.3536763,miedo,0.4530,0.229098,0.453048,0.002465,0.315389
1766084146.3906693,miedo,0.6221,0.222694,0.622114,0.000624,0.154569
1766084147.422106,miedo,0.7204,0.249790,0.720424,0.000197,0.029588
1766084148.4516442,miedo,0.9074,0.092612,0.907355,0.000009,0.000025
1766084149.482297,miedo,0.9104,0.089599,0.910388,0.000004,0.000009
1766084150.5285492,miedo,0.8990,0.100966,0.899020,0.000004,0.000010
1766084151.5761766,miedo,0.8970,0.102947,0.897041,0.000003,0.000010
1766084152.60565,miedo,0.9531,0.046869,0.953126,0.000002,0.000003
1766084153.6533709,miedo,0.9531,0.046887,0.953108,0.000002,0.000003
1766084154.7000642,miedo,0.9532,0.046772,0.953223,0.000002,0.000003
1766084155.7113671,miedo,0.9563,0.043647,0.956348,0.000002,0.000003
1766084156.757147,miedo,0.9584,0.041638,0.958358,0.000002,0.000003
1766084157.80203,miedo,0.9540,0.045996,0.953999,0.000002,0.000003
1766084158.8483343,miedo,0.9514,0.048583,0.951412,0.000002,0.000004
1766084159.890192,miedo,0.9325,0.067494,0.932498,0.000002,0.000006
1766084160.9507551,miedo,0.8532,0.146737,0.853243,0.000002,0.000017
1766084162.0025198,miedo,0.7735,0.226474,0.773492,0.000003,0.000031
1766084163.0498874,miedo,0.7543,0.245660,0.754303,0.000003,0.000034
1766084164.1044476,miedo,0.6599,0.340000,0.659945,0.000004,0.000051
1766084165.1388607,miedo,0.5737,0.426203,0.573726,0.000005,0.000067
1766084166.1845715,miedo,0.5372,0.462774,0.537151,0.000005,0.000071
1766084167.219147,neutro,0.5053,0.505257,0.494656,0.000005,0.000082
1766084168.2727346,neutro,0.5418,0.541812,0.458080,0.000007,0.000101
1766084169.2920544,neutro,0.5993,0.599274,0.397463,0.000026,0.003236
1766084170.345914,neutro,0.6104,0.610362,0.356957,0.000738,0.031942
1766084171.370669,neutro,0.6003,0.600264,0.358528,0.001106,0.040102
1766084172.418338,neutro,0.5387,0.538682,0.417137,0.001213,0.042968
1766084173.4297698,neutro,0.5949,0.594879,0.359957,0.001332,0.043832
1766084174.4568021,neutro,0.6277,0.627688,0.325666,0.001717,0.044929
1766084175.4794161,neutro,0.6676,0.667605,0.280443,0.030084,0.021869
1766084176.5263202,neutro,0.7187,0.718731,0.204981,0.059033,0.017254
1766084177.564187,neutro,0.7769,0.776875,0.083609,0.089385,0.050131
1766084178.6151264,neutro,0.8468,0.846847,0.009085,0.092856,0.051213
1766084179.661781,neutro,0.8457,0.845748,0.009179,0.094884,0.050190
1766084180.709605,neutro,0.8601,0.860149,0.009700,0.083194,0.046957
1766084181.7423275,neutro,0.8709,0.870893,0.009103,0.075652,0.044352
1766084182.790824,neutro,0.9115,0.911542,0.004671,0.072230,0.011557
1766084183.8233953,neutro,0.9035,0.903454,0.004487,0.082194,0.009866
1766084184.8706825,neutro,0.9014,0.901376,0.003505,0.088138,0.006981
1766084185.914389,neutro,0.9080,0.907971,0.002335,0.084932,0.004762
1766084186.9616973,neutro,0.8998,0.899848,0.002068,0.092536,0.005549
1766084188.0030777,neutro,0.9000,0.899987,0.002700,0.088503,0.008810
1766084189.047066,neutro,0.8883,0.888265,0.013747,0.082219,0.015769
1766084190.0987463,neutro,0.8796,0.879625,0.025596,0.079316,0.015462
1766084191.1441474,neutro,0.8778,0.877834,0.034038,0.072572,0.015557
1766084192.1618452,neutro,0.8892,0.889237,0.047164,0.046779,0.016821
1766084193.1971045,neutro,0.9034,0.903421,0.049923,0.029078,0.017579
1766084194.2461038,neutro,0.9015,0.901471,0.041868,0.024628,0.032033
1766084195.2979245,neutro,0.7641,0.764095,0.175988,0.024768,0.035150
1766084196.3272722,neutro,0.6040,0.603986,0.339906,0.021187,0.034921
1766084197.371972,miedo,0.5123,0.435193,0.512310,0.020578,0.031919
1766084198.4141526,miedo,0.6935,0.263820,0.693547,0.017698,0.024934
1766084199.4566267,miedo,0.8811,0.099441,0.881092,0.016221,0.003245
1766084200.5031824,miedo,0.9206,0.066466,0.920612,0.012825,0.000097
1766084201.5471396,miedo,0.8978,0.084686,0.897761,0.017514,0.000039
1766084202.5770583,miedo,0.8655,0.112148,0.865521,0.022288,0.000043
1766084203.6166937,miedo,0.8706,0.107522,0.870570,0.021872,0.000036
1766084204.647418,miedo,0.8706,0.106479,0.870646,0.022840,0.000035
1766084205.701317,miedo,0.8662,0.108531,0.866236,0.025200,0.000033
1766084206.7169054,miedo,0.8991,0.079799,0.899080,0.021105,0.000016
1766084207.758742,miedo,0.7858,0.113247,0.785810,0.100932,0.000011
1766084208.8032765,miedo,0.6443,0.170611,0.644293,0.185085,0.000010
1766084209.8553674,miedo,0.4734,0.294633,0.473414,0.231935,0.000018
1766084210.8843365,neutro,0.4239,0.423928,0.296989,0.277336,0.001747
1766084211.9146807,neutro,0.6044,0.604442,0.117154,0.275603,0.002802
1766084212.9524405,neutro,0.6965,0.696471,0.077820,0.191707,0.034002
1766084214.0056503,neutro,0.7482,0.748249,0.033945,0.107906,0.109900
1766084215.058183,neutro,0.7853,0.785345,0.014582,0.064303,0.135770
1766084216.090026,neutro,0.8384,0.838368,0.010035,0.014950,0.136647
1766084217.1204717,neutro,0.8311,0.831135,0.010969,0.013577,0.144319
1766084218.150004,neutro,0.8224,0.822416,0.016278,0.024404,0.136902
1766084219.1903,neutro,0.8347,0.834714,0.013260,0.026587,0.125439
1766084220.2232456,neutro,0.8505,0.850550,0.013039,0.022890,0.113521
1766084221.2697403,neutro,0.8458,0.845792,0.013054,0.029122,0.112033
1766084222.3032036,neutro,0.8079,0.807882,0.017732,0.059523,0.114862
1766084223.3519642,neutro,0.8098,0.809785,0.018067,0.054886,0.117262
1766084224.350819,neutro,0.7554,0.755413,0.018938,0.059713,0.165935
1766084225.4019408,neutro,0.6919,0.691898,0.069663,0.086367,0.152073
1766084226.4328039,neutro,0.6975,0.697493,0.069856,0.081664,0.150987
1766084227.46825,neutro,0.7432,0.743175,0.062335,0.055000,0.139490
1766084228.466805,neutro,0.7808,0.780755,0.057181,0.048695,0.113369
1766084229.5121267,neutro,0.9033,0.903277,0.054044,0.042356,0.000323
1766084230.548781,neutro,0.9716,0.971563,0.002977,0.024964,0.000496
1766084231.5966673,neutro,0.9670,0.967027,0.002474,0.025463,0.005036
1766084232.6228876,neutro,0.9677,0.967694,0.001825,0.024114,0.006367
1766084233.6586514,neutro,0.9643,0.964329,0.000397,0.027452,0.007822
1766084234.6863964,neutro,0.7997,0.799747,0.002034,0.026804,0.171415
1766084235.730872,neutro,0.7862,0.786161,0.008657,0.019892,0.185291
1766084236.7751245,neutro,0.7800,0.779989,0.011199,0.022130,0.186682
1766084237.8190517,neutro,0.7832,0.783238,0.011507,0.018839,0.186417
1766084238.8505654,neutro,0.7833,0.783332,0.011956,0.016314,0.188397
1766084239.881697,neutro,0.9429,0.942950,0.010730,0.019575,0.026745
1766084240.9329076,neutro,0.9437,0.943717,0.005559,0.025629,0.025095
1766084241.9856749,neutro,0.8231,0.823143,0.079507,0.049782,0.047567
1766084243.0193193,neutro,0.6610,0.660992,0.228932,0.060011,0.050065
1766084244.0669966,neutro,0.5832,0.583218,0.233940,0.056390,0.126451
1766084245.1127434,neutro,0.5418,0.541827,0.257989,0.053429,0.146756
1766084246.1557846,neutro,0.4748,0.474778,0.326521,0.048660,0.150042
1766084247.2082062,neutro,0.5393,0.539286,0.291824,0.045762,0.123127
1766084248.238974,neutro,0.6364,0.636395,0.193969,0.048455,0.121181
1766084249.2852075,neutro,0.6831,0.683103,0.225510,0.048899,0.042487
1766084250.3389125,neutro,0.6849,0.684934,0.205181,0.046388,0.063497
1766084251.3851967,neutro,0.6803,0.680264,0.135961,0.041034,0.142741
1766084252.4105902,neutro,0.7343,0.734289,0.098000,0.015683,0.152028
1766084253.4530022,neutro,0.7669,0.766913,0.061703,0.006997,0.164387
1766084254.4793327,neutro,0.7264,0.726374,0.053788,0.009956,0.209882
1766084255.4994974,neutro,0.6644,0.664359,0.113238,0.012130,0.210273
1766084256.5219567,neutro,0.6492,0.649226,0.190126,0.014128,0.146519
1766084257.5664816,neutro,0.5683,0.568257,0.189991,0.013660,0.228093
1766084258.6124275,neutro,0.5611,0.561068,0.179167,0.009141,0.250624
1766084259.6543677,neutro,0.5961,0.596055,0.159392,0.005271,0.239282
1766084260.7029614,neutro,0.6426,0.642621,0.115508,0.004003,0.237868
1766084261.7523115,neutro,0.6936,0.693572,0.069054,0.003825,0.233549
1766084262.7839012,neutro,0.7136,0.713578,0.104783,0.005843,0.175796
1766084263.8314457,neutro,0.6821,0.682122,0.119152,0.006692,0.192033
1766084264.8807576,neutro,0.5939,0.593938,0.202117,0.007681,0.196264
1766084265.8843381,neutro,0.5407,0.540719,0.284327,0.007254,0.167700
1766084266.9174695,neutro,0.5706,0.570622,0.272745,0.005684,0.150949
1766084267.964625,neutro,0.6184,0.618435,0.244356,0.004328,0.132881
1766084269.0109777,neutro,0.6867,0.686724,0.225671,0.003537,0.084069
1766084270.0558586,neutro,0.7455,0.745454,0.133547,0.004190,0.116809
1766084271.0731933,neutro,0.7697,0.769684,0.031754,0.006864,0.191698
1766084272.105625,neutro,0.7072,0.707162,0.012228,0.009609,0.271001
1766084273.1481018,neutro,0.6414,0.641393,0.001782,0.011223,0.345601
1766084274.1845613,neutro,0.5895,0.589455,0.002436,0.013147,0.394962
1766084275.2196789,neutro,0.5156,0.515556,0.006780,0.013261,0.464403
1766084276.2554996,neutro,0.4886,0.488583,0.100510,0.011175,0.399733
1766084277.2890506,neutro,0.5399,0.539948,0.128770,0.008332,0.322950
1766084278.3292353,neutro,0.5412,0.541224,0.132618,0.005904,0.320254
1766084279.3695323,neutro,0.5014,0.501419,0.132827,0.003962,0.361792
1766084280.413905,neutro,0.5222,0.522200,0.130401,0.002212,0.345186
1766084281.4586825,neutro,0.5911,0.591054,0.053996,0.001497,0.353453
1766084282.4938476,neutro,0.5886,0.588550,0.040488,0.005098,0.365864
1766084283.5384948,neutro,0.6090,0.609033,0.047030,0.007768,0.336169
1766084284.5851095,neutro,0.6792,0.679249,0.050226,0.008512,0.262013
1766084285.6372266,neutro,0.7924,0.792389,0.049402,0.008891,0.149319
1766084286.6699388,neutro,0.8042,0.804150,0.034028,0.008568,0.153254
1766084287.6657434,neutro,0.8324,0.832384,0.021365,0.005354,0.140897
1766084288.7138963,neutro,0.8952,0.895238,0.012155,0.003298,0.089309
1766084289.7552235,neutro,0.9056,0.905594,0.012982,0.003106,0.078317
1766084290.8000546,neutro,0.8664,0.866381,0.014317,0.003022,0.116279
1766084291.8475037,neutro,0.8293,0.829280,0.046308,0.034756,0.089657
1766084292.8780954,neutro,0.8113,0.811278,0.063923,0.047330,0.077468
1766084293.893496,neutro,0.7871,0.787064,0.084626,0.057300,0.071010
1766084294.952424,neutro,0.7578,0.757815,0.115144,0.064980,0.062062
1766084296.0094523,neutro,0.6866,0.686616,0.229475,0.069442,0.014467
1766084297.05977,neutro,0.5786,0.578602,0.378312,0.037981,0.005105
1766084298.1045635,neutro,0.5655,0.565532,0.403195,0.026392,0.004880
1766084299.1478934,neutro,0.5861,0.586126,0.391584,0.016324,0.005966
1766084300.2000935,neutro,0.6134,0.613371,0.358848,0.008240,0.019541
1766084301.2324636,neutro,0.7018,0.701804,0.245126,0.003821,0.049249
1766084302.2773564,neutro,0.8525,0.852485,0.070369,0.003637,0.073509
1766084303.32508,neutro,0.8554,0.855359,0.065970,0.002719,0.075953
1766084304.3505583,neutro,0.8325,0.832519,0.085972,0.006404,0.075104
1766084305.3691747,neutro,0.8386,0.838613,0.090802,0.008420,0.062165
1766084306.4152331,neutro,0.7993,0.799272,0.129777,0.010315,0.060635
1766084307.4307895,neutro,0.8094,0.809391,0.127439,0.010327,0.052844
1766084308.4764361,neutro,0.8176,0.817638,0.100064,0.009935,0.072363
1766084309.5153916,neutro,0.8182,0.818211,0.094613,0.006223,0.080953
1766084310.551823,neutro,0.7875,0.787537,0.093679,0.003923,0.114861
